-9.732198036617091541e-02 1.469478713807324810e-01 9.379396840266148727e-01
-2.128471229188284852e-01 4.063613401891839894e-02 9.211505768649573822e-01
-5.060255229603922988e-02 -4.222471333829325157e-02 5.987274127250390432e-01
1.620119926956600830e-03 -1.170940105051778424e-01 8.127580361281748766e-01
4.287139014853576235e-02 -4.660982005446741988e-02 7.560217657080148257e-01
1.616220627501441520e-01 1.585495914897647463e-01 2.574238477878577624e-01
-5.004910414422797382e-01 4.760395695846562220e-02 7.363455146045021493e-01
1.235336578291717780e-01 4.211574999945204983e-02 8.317206927732256894e-01
-2.651211442896951598e-02 6.585037212165992249e-02 8.309605704548150840e-01
2.241060630142731602e-01 -5.905449085798368525e-02 -7.783185248950401647e-01
2.033341764312262059e-03 9.552109235619456185e-02 7.778594464617497595e-01
1.544282918937012541e-02 -6.094974933411285295e-02 9.217803636168336867e-01
8.425740311079243927e-01 -1.459922012633018129e-01 -2.242739231454322635e-01
3.408852481978719706e-01 4.017884654129913469e-01 1.495704777109548890e-02
-3.995598733482289000e-02 5.898986339561034659e-02 9.680725883207532689e-01
2.435878707666227216e-01 1.140576192119347465e-01 2.319385834292100323e-01
3.143136812999656193e-01 4.005806148386092946e-01 -1.567093558700135003e-01
4.485668993874398769e-01 -1.153607192933096270e-01 -2.183933230379364321e-01
-7.329397396186780878e-01 -2.705011879339226377e-01 -4.385113833733514932e-01
-1.102422364928952181e-01 -1.834923631384995923e-01 8.946461901034851172e-01
-7.938353186083084434e-02 1.587157996890229406e-01 7.420438485104012827e-01
-2.874615929952256121e-01 -4.166941799780502498e-01 -6.129376818281507405e-02
1.736000336311498693e-01 -3.479820695539570519e-01 4.660003414640492142e-02
3.828971931605525958e-01 1.297875605264786278e-02 2.752699734168016499e-01
-1.838058927484408633e-01 4.359993930022358910e-01 -1.651850919547898366e-01
6.450482474843112490e-02 2.846388432285125794e-02 -1.449839114687342112e-01
-7.718211078108747625e-01 -2.804970825183474847e-01 8.622702814624010059e-02
2.826371886668311434e-02 -1.078056796839817200e-01 9.600423073316534106e-01
-5.078817963481557785e-01 -1.350881784377550299e-01 8.406491288491381164e-01
-1.673674918324266625e-01 -6.322181511979876878e-02 8.982267587032335410e-01
-3.378124254649061409e-01 5.536866616822168352e-02 9.310900820835998903e-01
-9.459730918015609724e-01 3.082748655145036154e-01 1.659492775234020639e-02
-1.264661977558517725e-01 5.599726176622117357e-01 2.208623652004395865e-01
3.705513199624293347e-02 -2.237832607874981339e-01 8.825468630040433915e-01
-6.492029884305750009e-02 -1.297135598179173233e-01 -5.458116246154427476e-01
4.657297885494265238e-02 3.682204261051709726e-01 7.564445046886176804e-01
-3.191083261539254812e-01 -4.545257581832071701e-03 2.970627965261142256e-01
-6.039901125140379606e-02 -9.311986763349010543e-01 4.401774934063082401e-02
1.055435989873399621e-01 6.610541802318936622e-02 7.772349720335108847e-01
-6.929367666048833474e-01 -5.372350809935954041e-01 -2.463194425096466578e-01
-1.564311200323330875e-01 -3.767741067497397123e-01 4.215178496009482356e-01
5.657281585632153442e-01 -3.004017806595529194e-01 -7.712092437063894357e-02
6.518945664169364940e-02 -7.172424042150421508e-02 9.194425927576509450e-01
-1.340642163986516255e-01 1.741230087506938640e-01 9.697141769601196337e-01
-6.670756676937691920e-02 4.826224395575142712e-01 2.164989322670847205e-01
-1.729987352705737169e-01 1.973491863099574306e-01 7.669191862590790665e-01
2.368394415161953481e-01 1.530624351142677586e-01 -5.388608649987203236e-01
-9.654248475565145246e-03 1.418040018106707378e-01 8.645638421672912077e-01
1.624096804565369478e-01 -9.514969318438841472e-02 2.474878658601286918e-01
-3.445385832906163737e-01 -1.266804702248104653e-01 8.641395259502568926e-01
-2.969200808673290726e-01 -1.068812009286462944e-01 6.691401745645917387e-01
3.067465607377781178e-01 -3.107388502416032483e-01 -2.246138226662486304e-01
-6.233761375359624379e-01 -6.396866378775643014e-01 -1.774790151159143931e-02
4.727678993193455970e-01 2.337875006883966544e-01 4.847230150364766343e-01
-7.754101750676198335e-02 3.340041784602613140e-01 -1.285624596009067311e-01
-3.566175400441819465e-01 -1.159477574341512968e-02 8.684161533773490094e-01
9.428865755337440197e-04 3.527912740581641560e-02 8.714638004772491398e-01
-4.238149714675282786e-01 4.560801392764776141e-01 -3.795777729997601990e-01
-3.384070904191696649e-01 -9.195250259365343737e-02 5.792105745435634917e-02
-2.687212590639415644e-01 -1.031673292123560931e-01 -6.799986525107057922e-01
2.228649660580349356e-01 -5.039987668889994721e-01 7.378556840486478752e-01
3.438380114349216532e-01 -3.873367247356141463e-01 6.263428427218177275e-01
-1.653759892912699467e-02 -2.697358189311322429e-01 1.249008653001249108e-01
3.148099578728161957e-02 4.212099032033961854e-01 8.520540113968261275e-01
4.032564401485420058e-01 4.349579887552149082e-01 3.772610293226225098e-01
1.562490291882373539e-01 -2.991623176110638424e-02 -8.181669672174260999e-01
-1.207682426257775977e-02 5.126777963840549734e-01 4.481310163792743828e-01
-3.836818265600369475e-03 3.449795206554245788e-03 -1.023825569356398742e-03
-1.212695824210528184e-01 -1.727342388877142754e-01 2.278113020349913365e-01
2.862079040217161419e-01 2.688648744561115689e-01 6.317076280411670908e-01
-8.098240013516078140e-02 -1.240402208594862249e-01 5.021630119285542815e-01
-1.904276125671930942e-01 1.617906632506069808e-01 7.145794416256123771e-01
8.303359310911930802e-01 6.401683344002267670e-03 8.012731440445841624e-02
6.396461534288332140e-02 -1.715007214157628079e-01 8.869281233373516038e-01
1.676163721787807259e-01 -1.008881396744361336e-01 -7.763939704609741643e-02
-2.411815014743584618e-01 -5.892281658284146545e-02 6.223154673677427917e-01
1.850258366173919422e-01 1.273288155639562269e-01 7.778203526111916455e-01
-2.168724268491541846e-02 -4.645407731504858778e-02 3.559573346515874648e-01
2.826871583759983375e-01 -3.139335268748278535e-02 9.292785707947411877e-01
-6.768372437154392129e-02 6.309471754239611707e-01 -1.386726155973185270e-01
2.125971079165523969e-01 2.666301369562429913e-01 8.909422567512931268e-01
6.242758038112701247e-01 -4.476778792856184741e-01 4.736811297502237506e-01
-8.771478424261662521e-02 9.210680966305068162e-02 8.035911460427733743e-01
-3.271448050444562550e-01 -5.011891876556323622e-01 6.446497194593694413e-01
-1.994536694949726741e-01 -9.350703001554967753e-02 9.128790003649766005e-01
4.803538001625309306e-01 2.388916200297128978e-01 5.368906582407553252e-01
-5.132835406132302963e-02 3.966084941083745929e-02 9.056091871372743407e-01
-2.252924446472317349e-03 1.022574612096166929e-01 9.206986528765837008e-01
5.843553728721974094e-01 -2.256233091856943707e-01 -7.161958524249326663e-01
-1.043156004963015776e-01 -2.207486131163108323e-01 8.128366477308337501e-01
1.634152670326885215e-01 1.599531948940126624e-01 6.125709331910544897e-01
3.816986963251205872e-02 -5.500059989704848551e-01 7.121222326701337479e-01
3.691678664155841894e-01 -2.747542382178490561e-01 -1.164059233911887981e-01
6.413824691564511127e-02 8.992745248517607093e-02 9.605620784554006475e-01
-4.521678226155662755e-02 -6.465648295074430951e-01 6.850159964076848462e-01
-4.378753067544735589e-02 -6.904662275576751995e-02 8.068288719548349919e-01
-4.552203373163711819e-01 4.431320848187666334e-02 6.343519588086100613e-01
1.465537686970834752e-01 2.757775099503215199e-01 2.861898950341723591e-01
-1.741759805415868390e-01 -1.630662217487740401e-02 8.104395242291142498e-01
-3.288216422661958266e-02 1.286870109187444600e-01 9.040614217558070598e-01
2.925278588058138896e-02 9.101524407608796441e-02 9.735035588743432555e-01
-3.876814943360821220e-01 -3.575338203576997609e-01 1.777269487672600290e-01
-1.490958740026815110e-01 2.340460594759063151e-01 6.827213296757626004e-01
2.925879996927476245e-01 -1.788545652470843461e-01 4.971169143743738306e-01
-5.609099264449568523e-01 6.587571437602013358e-01 3.817383846390255964e-01
6.695965591235415459e-01 2.035380699116320566e-02 -6.397258336470902362e-01
-2.514271154125790608e-01 4.305677817420622971e-02 7.822231826120270570e-01
-6.379155764200641898e-02 7.800260998499511378e-02 8.673454452791516944e-01
1.112476224149363951e-01 2.847947024903277891e-01 8.684804139849768845e-01
-5.837108468682152829e-01 1.034789149616933135e-01 1.349327099096530452e-02
2.700977916642306464e-01 3.017281036193313337e-01 6.733555418160140638e-02
3.916825996315689840e-01 2.931735375049923098e-01 2.757011121756046124e-01
2.975998184157713569e-02 -1.429919495058848133e-01 8.862286564508898845e-01
-3.757182803023187412e-01 -3.851054950313995140e-01 6.426401046472469680e-01
3.702016889035688041e-01 5.593970799763714474e-01 6.287842072648401892e-01
1.638653202095071704e-01 9.117523243951983769e-01 2.826400383882309852e-01
2.992480293616395781e-01 3.231661711740149157e-01 5.342216737412216476e-01
3.634894074756341298e-01 8.121753205850087975e-02 4.017489546750818152e-01
5.798022242388620184e-02 9.584540434252251939e-02 9.791689907281301286e-01
5.533405742784591567e-03 4.765554232145806368e-02 8.006796395181249304e-01
-7.265051877667761948e-01 3.209364281224492133e-01 -2.357652446893577503e-01
4.092028397556259356e-01 3.637185325398266666e-01 7.168147607470071181e-01
9.411578510406251596e-02 4.693844976501501676e-02 9.191827142245144744e-01
-5.416300196830214908e-01 -7.749817269675428610e-01 -1.418685383812166856e-01
-5.425037973421683278e-03 9.347788597605978522e-02 8.503317048133436640e-02
-2.715162958600410015e-01 -1.737378228710876882e-01 -1.001495700316676757e-01
2.009205468053653354e-01 -6.762594411788014348e-02 9.631718248765507306e-01
-1.295884133693881238e-02 -2.159590676072106752e-01 3.295314912305148392e-01
-5.429244651629887564e-01 -3.804599539684517806e-01 6.560133488615299546e-01
5.963441250709836661e-01 2.324269230699736455e-01 -5.252560062014761666e-01
4.441406884909535752e-02 2.029653904749862126e-01 1.564162171984840588e-01
-1.355579859273921828e-01 -2.630041573163475199e-01 8.940995932781099498e-01
-3.930209410385578916e-01 2.770363249774872028e-01 5.593645366799553376e-01
2.295945431680044002e-01 7.500854697330593401e-01 4.611542145828623762e-01
2.867289416155053283e-01 -7.368379405111968872e-01 2.406152939276363367e-01
-2.307071349848073549e-01 5.927417271096497853e-01 3.622564449283494081e-01
-2.934315827752867478e-01 2.449663367589805518e-01 5.866149103884584770e-01
-1.352222447195994548e-01 -3.922156594546044039e-01 6.900451520415026296e-01
3.518682254234249962e-01 4.975061249805197705e-01 5.541016795514706050e-01
4.360954552983931781e-02 6.446936191670379901e-02 9.002568888199853347e-01
2.325636205450467078e-02 1.094134680929070430e-01 9.782654687574222629e-01
-7.744301832064985625e-02 3.270052165474700567e-01 2.085416385348792812e-01
5.644868507853867401e-01 -2.069285621595488844e-02 -3.453374508404617738e-02
7.796084492199788218e-02 -4.433477157982777805e-02 9.484114128966095736e-01
-1.287854554540612644e-02 -5.269056330890594525e-02 8.860179712718064815e-01
5.239731006554779746e-01 4.390452413785074226e-01 6.338820265055309378e-01
2.921539353212169732e-01 2.149792201921086887e-01 3.658666750006556723e-01
1.382076107161684386e-01 -4.899808543138186451e-02 7.314746161501030075e-01
-3.245661910741896583e-01 2.826390211374524286e-01 3.815371153619127598e-01
8.846563937886946227e-02 1.434122856520313738e-01 3.682045744340313453e-02
-5.762108936249648455e-02 7.457397601150173028e-02 6.596774740540925497e-02
5.330732674411159389e-01 -3.117164212215229879e-01 -2.667732390999535616e-02
-2.530947939159680984e-02 3.894954903873181114e-03 9.456017833546317419e-01
8.321698560435383807e-02 -7.576697625224236565e-02 6.122688372656551747e-01
-2.552667581955854192e-01 1.514233577458159175e-01 3.254242109054903964e-01
1.037589871971719355e-02 -1.366605347588437623e-02 9.734050863979448742e-01
-6.635109437384111714e-03 -5.901863002496945260e-02 9.835098391940400031e-01
-1.691947611840475540e-01 -2.008090131147781954e-01 8.751675973757419014e-01
-3.597221721930072280e-01 3.356346506732370977e-02 6.482419264366930944e-01
1.452045002648835736e-01 -1.049880356122411505e-03 8.464526987378442335e-01
-2.328631990686961736e-02 -4.233859002957622297e-01 1.386033349510521762e-01
1.292341736175414424e-01 3.617492176467412279e-01 -7.137612233512931059e-01
-9.527922833053489859e-02 -1.437796312146194799e-01 -9.966951081768074538e-02
7.888250759428174774e-01 5.381764807562078312e-02 -3.769536517944779841e-01
-1.376554832012405472e-01 -4.760050659132116224e-01 6.972312669683129460e-01
9.098310396227252128e-02 -6.637031778769744705e-02 7.257159198554247181e-01
-7.158633363789053405e-02 2.619151596151613748e-01 6.567457907297571396e-01
3.759588512925664538e-01 1.509087513360977129e-01 3.300972665951774632e-01
-1.128066851535793474e-01 7.647277343212578737e-02 9.823359288382651489e-01
-3.921884894864025584e-01 6.745832182740760241e-02 8.656373331293952811e-01
-4.141835091380494660e-01 -1.713135714864554016e-01 8.822220656760080271e-01
3.510168710067635978e-01 -2.201581215921755985e-01 7.227340854992515551e-01
-2.433665609475297031e-01 -3.667032655531204388e-01 4.546181036171728640e-01
3.686930629487870648e-01 -1.341660923620590362e-01 3.868719852918371394e-01
4.632829244121247081e-01 3.018471444525466230e-01 7.809612771533311903e-01
5.007903373315611972e-01 3.903167788292807305e-01 1.623577502129385786e-01
3.161939355380075090e-02 -6.975596913916637387e-02 4.239923396695675639e-01
7.270227960269026735e-02 8.466466868408310809e-02 7.034511408610845118e-01
-2.893533990941994996e-02 1.485155251121379472e-01 8.871325026637738587e-01
5.547976733943373873e-01 5.284445419615755313e-01 7.190097755982542693e-02
-2.951977792755856034e-01 -9.022097938784051641e-02 9.146661532063696809e-01
-4.939294226268438615e-01 7.545365603813227774e-03 -7.046705448458966473e-03
-2.810932611132480052e-01 3.981355111654722584e-02 9.538712586396247417e-01
2.693948981601717793e-02 -8.736632328436116923e-02 9.607944452469060481e-01
-5.569725150237976319e-01 7.025382339742793081e-02 5.223290344531631435e-01
5.425049102696572097e-03 -2.486721214849534067e-01 9.627751343950808893e-01
5.343953615763458176e-01 1.743454487346840220e-01 5.698229301788989565e-01
-2.416744288784649156e-02 -3.534877211773144734e-01 -1.898519932088826032e-03
-1.310101743200260405e-01 1.049531824647780415e-01 9.641358631000852553e-01
6.264385746253621212e-01 -7.401489070638609391e-01 -1.934870303874674791e-01
2.869781065331305503e-01 -1.407858873530274391e-01 7.856165747424855850e-01
-4.017774800647607170e-01 9.098714520544413931e-02 2.762508207559717932e-01
-2.010404955997180942e-01 5.602357925096153046e-01 2.136554396855375737e-01
2.312961909648904302e-01 -3.322836007918157364e-01 6.221295231364090128e-01
-1.531038828191525203e-01 3.682583148162981157e-01 8.913028021987848826e-01
-1.272444931929853917e-01 -6.026609035395422143e-02 8.980921616821765374e-01
-2.855064133515146652e-01 -1.414264327328561104e-02 -3.936146268119828373e-01
-6.315343381433705661e-01 4.359625748192424433e-01 -4.032329800018933375e-01
5.401252461357644030e-01 2.843380368101638966e-01 -4.011408220688375548e-01
-6.131982491572449123e-02 5.384357173234571858e-01 -5.192172624655496671e-01
-1.809655342982413317e-01 1.412439791905015507e-01 7.377978851430612162e-01
1.590756461206496164e-01 -1.477296893678584910e-01 -6.661982149546841203e-02
4.120258751806195052e-01 -1.817800147838840308e-01 5.136933734641176974e-01
5.434989991149989652e-02 -7.006431033188741109e-02 9.327666886611489794e-01
4.309165924653019647e-02 -7.833846436171565397e-02 9.741092879673727278e-01
5.528984129896425542e-02 -1.102271112022420452e-01 1.557248245711630175e-01
-4.538283589162739884e-01 2.350086090852055165e-01 5.008544373226880841e-01
8.081448296936315223e-02 -4.813014070162482949e-02 5.675473127163839226e-01
-3.034399494620509605e-02 1.360712075900940010e-01 8.853920596977978841e-01
-2.598387127347444592e-01 -4.512426071864872323e-01 7.794394258527163055e-01
-5.991124651630778120e-01 -1.027037586097142852e-01 -5.303527845833006654e-02
-2.830308344334874771e-01 2.601187132346785558e-01 7.916753843516411981e-01
-3.579506905119789750e-01 -2.390393101550193633e-01 1.218851139309649750e-01
4.036622285669379528e-01 -2.902586364100592231e-01 7.317990609519681167e-01
3.080143983768981325e-02 3.079285277747590907e-02 8.853599542508402420e-01
-2.175744929959494978e-01 6.653324126061394006e-02 6.703661083621706429e-02
3.664285552415654651e-02 -9.297677116566201161e-02 9.563459266196751019e-01
2.769957489762079894e-01 2.899536380122925139e-01 8.045252491111095638e-01
-1.675100595088994948e-01 -2.032345200768123361e-01 8.441900279879703817e-01
1.142966014026084998e-01 2.905324166271235908e-01 9.154888526614821664e-01
-4.816165427718783337e-02 6.249037240913093982e-02 7.844100748200717454e-01
-2.394440275197400880e-01 -1.213164592117062235e-01 7.906638994728035774e-01
1.732465196878261310e-02 -6.648449336365180873e-02 8.969459627121387779e-01
6.641483010446889990e-02 -6.016919568717640603e-03 -5.017401839294255428e-02
9.214801767710016633e-02 1.613225662953775563e-01 8.718263100073546656e-01
8.428705152021011282e-02 1.128403817619587877e-02 -3.270245191895749803e-01
-3.988792195389134765e-01 -5.358481088591665609e-01 -1.125106344996487928e-01
3.764271444059147376e-01 2.973492152182692916e-01 -7.704541113133814845e-01
-1.080853830411359073e-01 -2.394838005842283568e-01 6.246312105710878360e-01
-8.219793308113612640e-02 -6.404931077545662488e-01 3.084054636296910679e-01
-4.892631246445382914e-02 8.948260267610570751e-02 8.939700176912981355e-01
9.823351397868082535e-02 1.727774458638812183e-01 8.898471401125351843e-01
3.216052650729401413e-02 9.041082913008954836e-02 9.793841799471657561e-01
-1.075281836768236382e-01 -9.412731064351218535e-01 -1.558295991974108924e-02
6.016185768161627645e-02 2.007489950305741885e-02 9.226554012133870719e-01
-3.440766846810091040e-01 -6.545275822180109948e-01 -6.291601117280382072e-01
-8.805840664205340229e-02 2.823261094788986902e-01 3.736028960182854464e-01
1.025129096728568251e-01 -1.982777068911261431e-01 8.489683370138141338e-01
-2.004527995466403034e-01 -2.275641351086317710e-01 -1.814513901117162653e-01
-7.298014218041488643e-01 -2.128972507976678308e-01 -1.545876164315289347e-01
3.542876115166790907e-01 -1.357050835120897359e-01 8.516706154506294979e-01
8.397866745078809425e-02 -2.255075115364260085e-01 8.864343962520713216e-01
1.398552339897508878e-01 -6.159371867192685590e-01 2.572765588374448242e-01
7.152970964900787210e-02 2.214533978747923182e-01 7.152327723266372894e-01
-8.994708306518149968e-03 1.394397154818808604e-01 9.522378075196821223e-01
-1.616974410251951488e-01 1.877854276395662658e-01 5.173080727809004076e-01
-1.938320321896054854e-01 8.917352019444535483e-02 -1.355678677559657708e-01
-5.396571696190365086e-02 -6.514989588639691354e-02 8.824342902204306283e-01
-2.864628873724758273e-01 9.163868108365698373e-02 8.932192398754363882e-01
-4.994288748915885062e-02 4.374994171485515476e-02 9.526852341481291120e-01
-1.023837941801275936e-01 2.004886543167399837e-01 7.052015116662002647e-01
2.655966876737536064e-01 -1.452668670747346014e-01 -3.670648327427593338e-02
-7.626791699151469484e-01 3.085804731914461585e-01 5.180529507564480829e-01
-8.271269618253922207e-02 1.652595766303744662e-01 7.606608535300234397e-01
7.221716474277808939e-02 3.983289479956073076e-02 2.552156485372076844e-01
-1.172149169828926585e-01 -6.348417137119823916e-01 -4.203389993056845242e-01
-2.300203998484306456e-01 -2.303614201172400344e-01 7.522467354858046740e-01
-7.902737833617399232e-01 -4.734865510622621732e-01 -5.513865194972975003e-02
-2.220016079555120758e-01 -3.311373866692936541e-01 7.366159357785250217e-01
7.109081150310080366e-01 1.678906993921413793e-01 6.550650003090804363e-01
-1.550798588120118060e-01 -1.909591525365285369e-01 7.496328884825852468e-01
9.201097468789178058e-02 -7.215055981795050200e-02 -1.073496135337860952e-01
-7.238842068510245586e-02 -2.497465733572832094e-02 -1.207012788102559270e-03
-7.594606390030003706e-02 -1.875572559065176170e-01 9.260561122882693397e-01
2.938353235861900295e-02 -1.029020072426900002e-02 9.191778690983394284e-01
-2.024917197938219324e-02 1.341507088778243900e-02 7.412111875651038462e-01
5.171929581678005317e-01 3.468000958470120465e-01 -4.792695584505768380e-01
5.042487437996017591e-02 4.324086417991034742e-02 8.867311174795337037e-01
-4.336131587881608684e-01 4.426861941556370916e-01 -3.178961940514123952e-01
4.073350763138704894e-02 -1.003582713664947085e-01 8.233050698650492549e-01
-3.681756626049700887e-01 2.304012309586136176e-01 7.665044832410380371e-01
5.603781956899992478e-01 -7.624327194857347112e-02 7.884730916289117708e-01
5.816082308086395480e-02 3.605885579213500836e-01 8.992272413497138794e-01
2.923949675220066657e-01 -1.401195361259882366e-01 8.146706763907657356e-01
-4.288264196662978402e-03 7.300619638262365041e-02 9.675200115909866616e-01
-3.490313358852077386e-01 2.637246643088659304e-01 6.458220117892831125e-01
7.680299909615986298e-01 -9.030173315911085852e-02 1.231696202793970407e-01
-5.809090639567228154e-01 5.516999265437390054e-01 3.709867484796376402e-01
-1.965569658688035570e-01 -9.201613511984428895e-01 2.958572180105766836e-01
3.452872567735061349e-01 -3.005626411489406014e-01 -4.252686010625902902e-01
-1.615280139826691663e-01 -3.577374886262425502e-01 7.971157620022907564e-02
-2.338836939922276370e-01 -2.117673408742179741e-01 1.263132951562758732e-01
2.174476325997725112e-01 5.112347209478990129e-01 -5.523227601539418830e-01
-1.802168974962397308e-01 -8.180834841452527123e-03 9.480890630331281210e-01
-6.314398589634372394e-01 -1.901789559676345109e-01 7.366162214388165541e-01
-1.521884762327522234e-01 -4.669288455639182545e-02 8.950849049360916077e-01
3.784959035073965916e-01 2.846019352675828729e-01 -7.872147289741313614e-01
1.738692609865662153e-02 -1.422376270992818381e-01 9.781963857764921499e-01
1.105755715293059716e-01 -7.479977239820952140e-02 8.732079964919614579e-01
-3.571991265064689697e-02 2.130608510492172092e-01 -5.316345028507728498e-01
1.565612827954125930e-01 8.025927362150051536e-01 4.121401657211375968e-01
7.809246753706755584e-02 -3.332238562375117868e-02 9.830593946123942217e-01
8.903130513849409622e-02 4.055325153628970281e-01 7.609143100874985466e-01
9.720113422995094177e-02 4.581918763241294990e-01 3.200445216019248695e-01
1.294054751309885454e-01 4.191160625737729711e-02 8.676747905091082291e-01
3.011302069496079037e-01 -8.139802250430799857e-02 8.954177078171611237e-01
-2.791499833128233132e-01 8.716972155684988843e-01 -1.854114610949736050e-02
1.231410830733909029e-01 -2.072995422795467502e-01 -6.398708375148835781e-02
-2.946512318303588784e-02 -1.979145692121857536e-01 9.553235094337965139e-01
-1.251956336089715127e-01 -5.384440783598576363e-02 9.665136863590376715e-01
4.703756027929716782e-02 1.220923909559556569e-01 8.751506370086691300e-01
2.354599936674041383e-01 -1.465284180469670905e-01 -2.456820855294313544e-01
-4.168415608018234408e-01 -3.478510245092344966e-01 4.311122665832759493e-01
7.928874755899902871e-01 9.018732996519339407e-02 4.647165365439115403e-01
-2.352618741797229407e-01 -1.234282562026415564e-01 9.057185031749871440e-01
-3.311735794578711256e-01 -4.200264655026422767e-01 4.675503650980087356e-01
-1.401763530437295235e-01 4.080444830158211356e-01 7.562723313707172546e-01
-3.950237541764779065e-02 5.939725041405073680e-02 9.546482522347177202e-01
7.254037283007286341e-01 -3.682442559495560097e-01 -3.134907905147062412e-01
3.112230352275593415e-01 1.791264732818829419e-01 4.178550741520823536e-02
-5.836082806502337350e-01 -4.825841178220013350e-01 2.345940173400630768e-01
-1.008003470829610532e-01 -1.857445750772349080e-01 8.511118447568363221e-01
4.825501448861455600e-01 3.271121850736940506e-01 7.886588413830248889e-01
-1.533036261694243063e-01 -6.408622090025142271e-01 -3.443794179712750814e-01
9.126348431552043783e-01 -7.317283710433040468e-03 -3.777608522408361091e-01
-3.996408222045649272e-01 1.043070380924705082e-01 5.295886873410344808e-01
8.964280985966723847e-01 -8.215295325439520013e-02 -2.424544354258123535e-01
4.557704534092250626e-01 -8.404575878908850939e-01 -2.142164064306533722e-01
-4.458574866375881185e-01 1.470241585414786278e-01 5.107351478367710279e-02
1.498939237366301580e-01 5.444513177051155117e-02 5.002357404121816620e-01
-5.223776434303843003e-02 1.978814187180087669e-01 8.909690497862096104e-01
1.862659672519607346e-01 3.550141018474340937e-01 1.625823410273901926e-01
5.611936110728676930e-01 2.310906870042228611e-01 3.581964268127688089e-01
1.343253233440548922e-01 -3.648168304775407655e-01 2.456992430478195100e-01
-1.303768360513288815e-01 -3.419724983455723066e-01 8.331129080754114957e-01
4.696497488924066266e-01 -1.961917952551444633e-01 8.100593733026574261e-01
-1.373516721944528507e-01 8.458851315845790364e-02 9.549914370804764019e-01
7.427041367165539143e-02 -6.131874567985606123e-02 9.351382426226592104e-01
3.404562232024929518e-03 -4.138740913842722108e-03 1.223267099599114130e-02
3.028607184836416139e-02 2.066904810804499337e-01 6.088595849418628608e-02
-8.765808372529587666e-02 -7.205943492187345811e-02 4.726227309727237258e-01
4.290151981610915849e-02 -1.458787331406781740e-01 8.619395615502378760e-01
1.202501650090243880e-02 -1.628913264283221030e-01 2.343990981919070182e-01
4.154234681685123887e-01 -5.564194219478872938e-01 -4.235818985686029547e-01
1.468711417905993466e-02 3.606404643865789017e-02 9.975934960138289620e-01
6.993153209258439786e-03 -5.741519947315554956e-02 5.173009823933836238e-01
-3.825181714874560657e-02 -6.440221352899182239e-02 9.691937769783024459e-01
-1.671395759107743503e-02 4.132746642483380028e-02 9.528091389021661195e-01
-8.488771524441329763e-01 1.431878054207546824e-01 -4.674483540743697429e-01
4.448384386149821512e-02 1.589956384523266431e-01 9.467895129607256655e-01
-2.110344660808768369e-01 3.709234820390016618e-01 4.901219184293370557e-01
2.211835661902858685e-01 6.730881352149761243e-01 2.200020291289444541e-01
5.634278421056780894e-01 7.093179174532235898e-01 -1.025926086795364844e-01
-2.024911645982221675e-01 1.269143195813118852e-01 2.734031532210963178e-01
1.007878710505192253e-02 7.184843669866292082e-02 9.192733139009037213e-01
7.745951342825295113e-03 -6.045105338277127066e-02 -1.022305774285582527e-03
2.772110630886549520e-01 -1.925056714339604125e-01 8.335634537030420788e-01
3.734297448066193903e-01 -2.403925777207776560e-01 -2.334834768558194940e-01
2.144468945682454497e-01 -2.378675983900102875e-01 -2.264040833926960761e-01
-1.722876548652385043e-01 -6.728660808862334253e-02 9.680411692445166638e-01
-5.553166043614147368e-02 -1.414471930843348366e-02 9.827726537517569305e-01
-5.624020721672940565e-02 3.451901830763318222e-03 6.970721699220643330e-01
-2.026434288188022348e-01 4.397194269743439077e-01 5.377189234507068205e-01
-2.466308257993231334e-01 -6.282457179547626946e-01 1.829593806345134778e-03
-1.107298795990008800e-01 4.379258778737640245e-01 5.857409227488907799e-01
2.688476106933562204e-01 3.163503676039108314e-01 7.588075589012690525e-01
-2.221555645017932734e-01 6.248291538119191829e-02 9.634914435947984357e-01
2.936092716811030678e-01 3.634742205353520134e-02 3.188375028814978140e-01
2.930798259902843150e-01 1.669319955050806853e-02 1.619044345669141682e-01
2.712574917021179366e-01 4.562684510312636776e-01 3.633927150402206929e-01
-7.122697641728335805e-02 2.655394788351100321e-01 8.938854858388620706e-01
2.867433650152086816e-02 -6.549762336587484635e-01 -6.442233977781822718e-01
-3.111268458448044338e-01 3.026731903584729544e-01 -4.037697236021214331e-01
-1.698082702927305454e-01 4.436104749975728900e-01 8.113311316944621376e-01
3.480806749549114620e-01 -6.179866144382132331e-01 -1.568445179186590821e-02
3.163957618839398633e-01 1.046243092240412564e-01 2.344847632894383194e-01
5.140066552164772595e-01 -7.535285153980723072e-01 1.107702281715392256e-01
-3.804615521559799873e-01 1.973504318435381211e-01 7.856075066373011673e-01
-6.907283169573698312e-02 2.739168852373843541e-02 8.993744904154439279e-01
1.850915882949372981e-01 1.774020294564303546e-01 7.126991864625696893e-01
-3.622449101211147049e-01 2.202990520543297581e-01 -1.196985731243381673e-01
-3.380729062607394364e-01 4.783652694819680029e-01 -3.015259176558593435e-01
-4.546046536149197376e-02 6.306198604264080798e-02 9.206264236018141256e-01
5.699715540742396058e-01 2.690522402769000010e-01 -2.474370888378234191e-04
-3.888245673963053872e-01 2.846430666352872119e-01 7.239207013853203865e-01
5.329921771066829794e-02 -4.892737054090254278e-01 -7.358465442154650260e-01
4.232498521498521959e-02 4.941891674264064366e-02 9.033890336668348731e-01
2.558965158073119861e-01 1.848253292756481259e-01 8.770169859924638045e-01
4.070006165436654832e-01 3.360497416142280841e-02 2.881139559573790976e-01
2.827900950476567796e-02 2.354779230117826361e-01 1.327177194385933401e-01
-6.092121679032727610e-02 -7.565026267344678035e-02 6.085151421057168886e-01
-6.130341744106232449e-01 2.843069892103138874e-01 1.273445822397807903e-01
1.453819115213313487e-02 -4.621898607766464218e-01 3.845278845234754161e-01
2.866951095319080767e-01 -5.036638953989771260e-03 -4.669458481375308168e-01
-2.003202865453269366e-01 -3.824433008954071789e-01 7.742668699474768434e-01
1.938208840438596092e-01 -2.643825051504150037e-01 2.169748517697925039e-01
-5.616607463544901271e-03 1.967212236197207406e-02 5.783888102839366274e-01
1.380850578757938096e-01 -2.132345265597224149e-02 8.518505329739131104e-01
2.158226249594657475e-01 -3.042253533309200453e-01 5.017589277097743439e-02
-1.012246517188249151e-01 -6.284039764965929087e-02 8.875780546339643307e-01
-3.490413666284055694e-01 -9.564621294086590730e-03 2.034345643293793138e-02
-4.084098819501547628e-01 2.802777874392687885e-01 1.969985202078428088e-01
6.310659794578162840e-01 3.088627807155278626e-01 -9.499665275363397554e-02
-1.333544609247784007e-01 -5.864340655351439613e-02 9.744974229028483537e-01
5.973434927490882396e-02 1.379763915814460340e-01 1.600920908119793096e-01
-6.272448714877658649e-01 4.040475205431329764e-01 4.772773338174749469e-01
-7.832341525388944459e-02 -4.951865260062011942e-02 9.778468037673465618e-01
-2.477453002983797392e-01 -2.005510788857930993e-01 6.604410678645495913e-01
-5.521689132394031613e-02 -7.943903658849792160e-02 7.348088020140305376e-01
-4.638105245152936429e-01 -1.869703166270724193e-01 8.044397046813788199e-01
-2.567064355926184649e-01 3.470540999571321006e-01 7.830311718141671484e-01
-2.615970033262934868e-01 -6.758551764042237675e-01 3.972467139322399254e-01
6.960996074146519330e-01 2.781212625744172717e-01 -2.836614120360923530e-01
-4.233268307040526368e-01 -2.659511211509892892e-01 -3.982050851711853301e-02
-5.676778080279620831e-01 4.353506665114404983e-01 -1.190966706287381743e-01
-1.636711646385927699e-01 6.305093330601216350e-02 8.571655083484415183e-01
-1.785319864676585544e-01 -2.693448798154915447e-01 -3.379469319320104748e-01
4.611806814618784056e-01 2.253401465563488193e-01 6.523907782540147027e-01
-2.819832274408782258e-01 1.913358217392663665e-02 8.506146721632154017e-01
1.460680274611898255e-01 -4.883190514850099112e-02 1.238182739020683293e-01
-6.695415310918305385e-02 3.746380655403496185e-01 6.287681816331834872e-01
3.730856169455027960e-01 2.259209832564934919e-02 -6.037491852016295679e-01
-5.302580054721888619e-02 2.696920044462450816e-01 5.428865823557676995e-01
1.426605924230129607e-01 -1.369598038316748867e-01 -1.069439368308243606e-02
-3.104134435883817433e-01 -3.171458804968620843e-02 9.201559527149236750e-01
-2.669333291347362191e-01 -6.026063026517672339e-02 5.081979186099675472e-01
-1.511625822791853591e-01 4.683741183710261602e-01 8.704619026143121108e-01
-9.300998054363984746e-02 6.364112273685314236e-02 8.053627918965057253e-01
1.420517572990902082e-02 -2.055456571407744681e-01 1.036059700290885982e-01
2.114413121609095836e-01 -3.938019338846840411e-01 5.295941049142700585e-01
2.974081159520288176e-01 -5.423331730556661956e-01 -1.549900900830186445e-01
-2.929156685889598433e-01 2.848380954964654932e-01 6.352269008295270414e-01
-3.033889033230511845e-01 -5.263317077522787768e-01 -2.934226174123868991e-01
-8.311052423832651082e-01 -1.189892441162894859e-01 -8.690334421952898569e-02
1.365057593664357749e-01 -8.600712828866331761e-02 7.195479194466186668e-01
-1.595628387485382715e-01 1.196995733095154169e-01 8.895499044407134681e-01
-2.780621152025889442e-01 3.274111308554528837e-02 7.684409554291314892e-01
-1.360699155352043492e-02 5.172381877628084990e-02 8.086115446875192792e-01
4.677771251478672343e-01 -4.183551570414066334e-01 6.751081480820371183e-01
1.142687941917932062e-02 -7.900717380667646172e-02 6.439414911097668393e-01
2.749626696661818248e-01 -5.689459949968165287e-01 4.629705590555935335e-01
8.509902256782504726e-02 7.022308321247515417e-02 9.727796094184456566e-01
-5.178196083839099462e-01 4.176162296162377330e-01 -7.334030253141462508e-01
2.932706476654014724e-02 1.147517829848275495e-02 7.855684661823012505e-01
4.766905399102819296e-01 -1.024264950340965791e-01 -1.509368266173450879e-01
5.706820657511697537e-01 7.703605400041053930e-02 -1.878148928139577734e-01
3.891549743155132274e-02 2.086635953375238009e-02 8.940562614731520363e-02
-5.327197696035711472e-01 4.829757933611762977e-01 2.153839865715760915e-01
1.856368347089926152e-01 -4.196421293751779746e-01 5.783849457216693191e-01
-1.389439363973953567e-01 7.967065116401028657e-01 -5.190111758855547874e-01
-1.516197702132967562e-01 6.491534616578399364e-01 5.356509247192244860e-01
-5.291038973873884999e-02 -6.747931543724938752e-02 9.760653710665558869e-01
-1.007323908213027253e-02 -3.628230139381689590e-01 4.082017777580502216e-01
2.098867753943173264e-02 -2.275881705328751115e-01 6.338954662109372862e-01
2.585355879165801563e-01 -8.917665334849922409e-01 -2.135632030115587054e-01
6.250919720531065149e-01 1.420374899719361039e-01 6.805174886336146090e-01
-1.444860276794408295e-02 -2.180315693781808423e-02 8.538645228749571769e-01
3.928966385545442502e-02 -3.488943539044300213e-01 -8.692685143772048706e-01
-1.984061379010952364e-01 2.417208476764700353e-01 -4.807279497188295114e-02
-7.016822790549312461e-02 2.556971608915015182e-01 9.559325571849132119e-01
6.809278602034619654e-01 1.722185156313077170e-01 4.680707789009101449e-01
-3.262983934092137939e-01 4.992628158317267695e-01 6.402147197333263318e-01
-3.392713706725888900e-02 6.506093695195970528e-02 9.150871415884398452e-01
-2.753229778675848616e-01 1.062907541815234364e-01 4.394487830545811824e-01
-1.620273803835209636e-01 1.345080585654671590e-01 5.038805505646107852e-01
-7.480060167441322794e-02 8.305803858107135840e-02 8.210906901550319992e-01
-1.222956308456627818e-02 -5.355344889070645653e-02 8.977882734000530718e-01
5.740802891647426298e-01 -3.217631230611849302e-01 6.749952202811957402e-01
-6.865545933084031549e-02 -5.303222304354188177e-02 9.627096739978926454e-01
-6.924487401090960448e-02 -3.857587190332926741e-01 4.515605529206673241e-01
1.463693473541351764e-01 -1.087502422399176799e-01 9.783370167331488787e-01
1.111968429619217408e-01 -9.557336499192699286e-02 8.615110700494038598e-01
-1.723393635197139062e-01 4.958095355942803914e-03 9.730105091572646137e-01
9.988929305830136773e-02 1.526292381335742632e-01 3.379803754631793833e-02
7.452776637911487367e-02 -1.161161384800166452e-01 2.283063434218071119e-01
3.349260763020554532e-01 3.114496193412497060e-01 -4.576845993722993278e-01
-4.021547879514478785e-01 3.702446862232603580e-02 5.929337172038807724e-01
-8.126562177432689049e-02 7.477575259285274001e-01 -2.474601882164252920e-01
2.159525451074699176e-01 -4.722369856073785899e-01 4.468985636658013294e-01
-1.350491679628304242e-01 2.242005746220496545e-02 9.763128794198424609e-01
1.651175553080351799e-01 -2.442384672814793545e-01 -4.768772875879757067e-01
7.855277367523599841e-02 -5.750000246565116491e-02 9.702441173647375905e-01
-1.062531604646253375e-01 1.193084742442683810e-01 9.088797933692768227e-01
2.413024316620900334e-01 3.401970005887621218e-01 7.532546368576882312e-01
-2.362397860600413610e-02 6.843141067184380644e-01 -3.384303334687733811e-01
-3.347138636961438651e-01 1.023196103981952598e-01 -3.661028511655387008e-01
8.241583639547669926e-02 -4.888117716723722889e-02 -7.666749943650201793e-01
1.683753212275579114e-01 5.948054728810874270e-01 2.164792031086552326e-01
-4.601786074612147504e-01 2.922383147679041282e-01 5.647177453220344479e-01
-1.187411786267296709e-01 -7.167937910796856604e-02 9.274557218311456630e-01
1.338672273347489283e-01 4.390799058077721195e-01 3.720753673785239246e-01
2.911414591316776046e-01 -7.011470471183840758e-02 9.090289974238875415e-01
1.869244673479218688e-01 -2.502675535233158666e-01 6.665053781631157248e-01
5.735156944386090583e-01 1.376703085307116187e-02 4.875434635391578952e-01
5.054987508787168321e-02 -5.262493472221331237e-01 4.069477192425402512e-01
-3.962370194647826110e-02 3.535163915571861576e-02 7.880667353907174766e-01
-2.268178414625726946e-01 -6.690667574058252187e-01 1.443693573725567669e-01
-2.227761627043255421e-01 -5.277891773884292592e-02 9.277898347458584105e-01
3.734577572112645627e-01 3.227756327989734220e-01 1.684167957170587537e-01
2.247497328090319532e-02 1.440644038943166838e-01 -5.269207791813288466e-01
-6.371504315304447053e-01 3.962905853796638844e-01 -4.688794439046011231e-01
-2.982703676901717893e-01 5.347011938673981724e-02 -7.257438188109958943e-02
-4.819144101373157296e-02 -2.268401168055636519e-02 8.935689510466561236e-01
6.005587624809947123e-01 6.700196882771816131e-01 3.889821128310157472e-01
-6.015204328912461540e-02 5.151530660260533745e-02 9.312497544714531950e-01
-1.267217656733970466e-01 -7.801016235287881739e-02 9.710985540648467973e-01
6.397909794286674723e-01 1.561308139254068417e-01 3.844758775594178668e-01
8.325413300977321449e-03 -3.323643847626601283e-02 7.063781952596299707e-01
-4.473392848291235513e-01 6.497979280868423912e-02 8.480298291844756697e-01
-1.398066473997725337e-02 8.484087057500859508e-02 8.271783989041100460e-01
9.700211410322186201e-03 3.577008502062507811e-02 1.759042875666009809e-01
-1.929017105074540550e-01 3.086327873926362209e-01 4.184810330989635618e-01
4.460064627409873195e-01 1.884637248896160189e-01 5.866735505458839928e-01
-3.904889890578077533e-02 2.255880444479475833e-02 8.324821258458177109e-01
3.939197729008033222e-01 3.561927148673300070e-01 3.093678005816133392e-01
-1.280748373267224516e-01 5.908959816369055984e-01 2.363986747676511679e-01
7.511819672845684859e-02 -3.197838660689403950e-03 9.190242426680731436e-01
5.149225530247050764e-02 3.076995168666791236e-01 1.663039443747396651e-01
-1.048838664772179102e-01 5.583710057237268459e-02 9.798689511548164255e-01
-4.099830365252478681e-01 -6.261988221017225631e-02 7.252457447992827211e-01
-7.274552092230961164e-02 2.625940945817410443e-01 8.953335675474698441e-01
4.594121005002053115e-01 2.170698468828066163e-01 -1.835337182232735509e-01
-1.986514036466767788e-02 4.314172507134137434e-03 5.673718700651997349e-01
-4.147105185937579042e-01 6.028915934049779990e-01 2.227632653231643167e-01
-2.216205602353206461e-01 6.269447293479275540e-01 1.963541612378235657e-01
-2.076182329455827369e-01 -8.806095385423512445e-02 6.514003045625725574e-02
3.669908215804870699e-01 -6.228321805078113060e-01 6.873247304537291047e-01
2.674570002186277828e-01 3.700130253208134268e-01 2.071183730363770070e-01
-1.573177460816393980e-01 -1.096378197133793253e-01 9.740007624048933055e-01
-1.531385842001865283e-01 2.148423469881983183e-01 9.290009489950176169e-01
-2.530402153056910408e-01 3.466302778725854350e-01 5.354500190892780287e-01
7.308141659491135256e-01 5.373101815989769214e-01 2.473110893161331036e-01
-6.143308035476995332e-01 -3.912091309553242247e-01 -2.589992870190149787e-01
7.579297719066958594e-01 -8.199383116627501078e-02 1.620718852575356306e-01
3.092402970167382747e-01 6.374741157184906637e-01 8.100776098200211661e-02
-3.651761377220122951e-01 -1.414338868182758897e-02 7.645466263772212612e-01
-2.362351856536653305e-01 -4.148680667417978946e-02 -1.772872601766015688e-01
5.674986358314549895e-01 -2.759999902097972080e-01 -7.319108451562406081e-01
-5.972972887256150498e-02 -2.091029798429932390e-02 9.958488340917941439e-01
-2.065595515334840704e-01 -8.957702390827899930e-02 3.391070950467893752e-01
-1.088077208000804291e-01 2.427149175136640857e-01 7.359411732043755761e-01
1.070441739142462961e-01 8.619642333697672201e-03 9.342256415870164865e-01
7.713168057307162595e-01 1.238950879769792207e-01 4.417491250842180972e-01
5.456455641461934736e-01 7.663725912729103529e-01 2.281668924184402925e-01
5.576544540274869233e-03 1.096396413069744419e-01 8.736393973160800908e-01
-1.134713893729807355e-01 5.525073925787184030e-03 -2.105088588032091035e-01
7.644518135646307666e-01 -1.275622117702871795e-02 8.707279226101161118e-02
3.177706536309916896e-02 4.128127200205261027e-01 -3.331089371063332694e-01
-5.860140692141377339e-02 1.509472512045956054e-02 8.586860851485115242e-01
-1.782068379600310615e-01 3.557473793222311331e-02 9.449190122844198791e-01
-2.500354405761309393e-02 2.058639834747346894e-02 9.847748792929877926e-01
-7.317161914359624486e-01 3.617597835658482031e-01 -5.786822474492731017e-01
-6.568111760759114404e-01 3.894647401507344009e-01 -7.548431026098980159e-03
2.717179739961086277e-02 -3.134270659482875088e-01 8.661975817613255524e-01
2.284827260687115058e-01 1.259351766500157455e-01 9.275340060961465571e-01
-3.750955672738983671e-01 2.872541651232286830e-02 -7.054267201597310688e-01
-1.041570772763919170e-02 -8.733335918439123421e-03 9.381708134818429468e-01
1.760973188943087964e-01 3.046354003472232647e-02 8.934027599821798837e-01
-5.141154621151698967e-01 2.545129477350730959e-02 7.488463612212392650e-01
-3.372267559802216152e-01 3.197641948560659975e-01 -5.800705255435280039e-01
1.411938040195495625e-01 -1.043053351848808596e-01 9.442471593913887018e-01
-1.390289027069109840e-01 -2.532046744893202139e-01 5.834572352844489274e-01
-4.103499335395389691e-01 -5.578942107715542109e-01 -6.352525486192106552e-01
-2.134561756261242615e-01 6.588100718768087616e-02 7.932349803420478684e-01
9.232169835683186332e-02 6.901845451287758060e-02 3.088793679805019177e-01
-3.622792182328952726e-01 4.407065747879127526e-01 4.852668208246138093e-01
4.068188239356974600e-01 2.710715349248130415e-02 8.318549311438105942e-01
1.378605217133875571e-01 -3.191505599681586647e-01 4.050516336866821776e-01
9.518012681292564725e-02 3.084313448417630096e-02 8.495567783877835399e-01
3.039735544502117359e-01 5.073434539342109861e-01 -5.621388401174788330e-01
-3.030435004717431102e-01 7.968599636572233358e-01 3.183079639776180136e-01
7.162690986123785297e-01 -1.778937172479996276e-01 5.563933514456551599e-01
2.111301599765787740e-01 2.449160074708022494e-01 7.440868784758016830e-01
1.934678838033813131e-01 -1.288991533192344607e-01 2.351662525673392790e-01
5.177800837421000502e-01 2.060916662518405273e-01 2.112033185971800842e-01
-2.874650905622824215e-01 4.237446731139896672e-01 7.875055808136164348e-01
2.221362302299562941e-01 -1.595586779631280872e-01 7.088251511341093769e-01
-6.933287184610066323e-01 1.123339565881485841e-01 -6.499859265098366645e-01
4.939421465747013268e-02 -2.266564061633101479e-01 6.755449880522701456e-01
5.232418077936671838e-03 1.022389748109771845e-01 8.401015252905635888e-01
-3.937361439819482833e-01 -2.353361912518613930e-01 2.525283015828708733e-01
2.940271050141126663e-01 2.724188217911469034e-02 2.653993820114031177e-01
3.921683872544905886e-02 -4.317392282926786791e-03 9.082616046667634224e-01
-1.980550582750573163e-01 -6.384120535828319287e-01 1.071299526108767108e-01
-2.857832548864516764e-01 -6.229625348996129658e-02 7.383642810731697592e-01
4.055339522137237918e-01 -6.542394888171679246e-02 -4.214953734579074407e-01
1.938660909929022791e-01 -1.258487508483270567e-01 9.331058424144059726e-01
2.223824864030513743e-02 -6.880401935930509361e-02 7.249189754059029989e-01
2.316982503057250786e-01 -9.442566264443305254e-03 6.647796654712981868e-01
6.112823887779439413e-01 -2.704816950791007479e-01 5.221385499679097597e-01
-5.882276787782889094e-02 1.144888826670474591e-01 8.717819242045435901e-01
1.791744569752639071e-01 -1.145725319713632728e-01 7.550250858210919569e-01
-2.952603463914408866e-01 7.876366557992155182e-02 6.462785464577659456e-01
-7.979491280617475590e-01 2.606033567685219210e-01 6.053425910050600628e-02
-6.078218854653331116e-01 -2.231785424304277843e-01 3.333111519974964465e-01
9.514213687697455901e-01 -9.000197143531636634e-02 -2.341608825098563940e-01
2.162847987582267040e-01 -1.950652132353094398e-02 1.413286951845065254e-01
3.961866087085160748e-01 2.874913827960661195e-01 2.392031993403640477e-01
4.752250350144321400e-02 6.598882573345098146e-02 -1.011369542363845520e-01
-2.506119131026361413e-01 -8.598396877445348141e-02 8.072358500207599263e-01
-3.485006599222606471e-01 -2.168194979302167369e-01 -8.123801358090260161e-01
1.832769897440032492e-01 2.691183663492946812e-02 8.408103928593603227e-01
-2.615038760009267271e-01 -1.957754259762464755e-01 2.364184733861836307e-01
-6.823324692756423115e-02 -3.940230599250673649e-01 6.195822813974425358e-01
1.595188901869953602e-01 1.593954836457214530e-01 4.452643462986291545e-01
-2.611427379464510978e-01 6.574697223662034906e-01 -1.291200945464423822e-01
-5.729310463820012078e-01 -1.953977661696721171e-02 6.752737799067740632e-01
-1.709847569477558060e-01 -1.548340601556143781e-01 -1.377466179104997468e-01
-2.676950945974493901e-01 -4.334957042758839085e-01 6.773976378853339142e-01
-7.573355617067819082e-03 -5.158292156689286978e-02 5.555127958940885291e-01
-8.871862865127463915e-03 1.271177353693898546e-02 9.552558499188356089e-01
-3.367779413272342648e-01 -6.541721959214730209e-01 2.186080464196705209e-01
-1.139040232289556115e-01 8.880178743512492923e-02 8.030488052723446790e-01
-2.264596510219110334e-02 -7.404420072782010552e-04 9.788573411308578720e-01
-4.186744118063637776e-01 2.740455602396407175e-01 3.145228166568989625e-01
-2.416218936376526849e-01 2.650544654891063834e-01 8.303792675774112064e-01
-5.029949225555027104e-01 -2.963371562846986440e-01 6.679785341210053851e-01
9.773349192231226001e-02 1.001577923251039393e-01 9.659568288990773022e-01
-5.381530786876705108e-02 1.971133406309645286e-01 9.071651722072457957e-01
1.542509027006108147e-01 8.386367346016312951e-02 8.927812352310853239e-01
-9.523381435228098213e-02 5.713141645302165506e-01 -2.720514088872139635e-01
2.287321065261760031e-02 -1.520043166332976647e-01 7.471540720045308781e-01
-3.206843329888078853e-01 -3.781629369282851760e-01 7.772735880937504671e-01
1.814797620527889288e-01 1.091492045608056932e-01 1.032181194107843480e-01
-5.159915420315395185e-01 -4.434594025845209342e-01 3.718161952149722782e-01
9.724051965301103162e-02 1.020945661815992472e-01 9.699743858335887481e-01
-2.278742423215831259e-01 -7.157686805523910678e-02 -9.633198954215785315e-02
6.544288848837255534e-02 -6.810323623633982026e-02 9.322210898464411422e-01
-5.145506496535057206e-01 4.647346840980606103e-02 8.932296136052673974e-02
3.371819448190317425e-01 1.275601691962132966e-01 9.129595732525035423e-01
-1.886741533469754040e-01 4.489851992933363567e-01 6.907325614034836025e-01
-5.072146440963782865e-01 4.193599128397221820e-01 -8.319046312090674911e-02
-3.062396639562429690e-01 1.303019291130115831e-01 9.204405206748353940e-01
1.736023995027861366e-01 -5.432071956411178848e-02 2.610171246883414842e-01
2.255560767993114446e-01 -2.160493783268528922e-01 7.929469641943450720e-01
3.877121419050774415e-03 -6.537176356552314160e-02 3.336170949220133852e-02
4.018725442383185298e-01 -6.252556683276331295e-01 1.566783858446040567e-01
-3.890637937560812998e-01 5.620835841999347604e-01 -7.189771715611424918e-01
1.187983913581920209e-01 -4.635940088080992005e-02 4.125990793532244294e-01
1.908775196623298809e-01 -9.164684080899317964e-01 1.600763631615762309e-02
-3.915088124381242984e-01 6.460483503503669511e-02 2.839563502047750543e-01
1.391712163560696602e-01 -2.340401908949604759e-01 9.360830241965779619e-01
-3.520757252927686487e-01 1.676583344790971153e-01 9.196897864953457180e-01
-6.630506405419053229e-01 -5.321881322701316197e-01 9.162137779791851289e-02
4.461402007255529378e-01 1.095910869741065913e-01 6.450335701492608820e-01
1.036803940474396585e-01 -1.342882880408748925e-01 9.068392042314868950e-01
-7.162007430650996209e-01 3.107300329531349492e-01 5.924370133366797520e-01
5.471191912317777128e-03 1.389804352209864646e-01 9.290736464642550541e-01
-2.642058696745612500e-02 -1.203693469580155578e-01 9.918070868258533901e-01
4.816590615892270000e-01 -2.324244530812674681e-01 -7.267495020935123284e-02
2.071809758650389882e-02 4.743227014350944737e-01 6.204428531783178213e-01
-3.303024749866775162e-02 -6.858329671507522318e-02 7.562017078918413793e-01
2.435593698019458408e-01 7.956148576416738338e-02 8.949600237376214018e-01
4.579408439748095666e-02 -2.162411910779185320e-01 7.560927982203247133e-01
-1.664650458875843730e-02 -1.024474162331993066e-01 5.811054533604336214e-01
-7.262623617377035323e-01 -1.958958131645311129e-01 6.639314655987492431e-02
-2.927618301520036326e-01 9.975664256577407296e-02 8.742053112771809298e-01
-1.653493362007667777e-01 -3.047733718109409823e-02 7.930801391074074891e-01
-1.125232784685044202e-01 -1.709807302221826586e-01 3.996239275756717779e-01
-3.179726623519857909e-01 -3.823485105111946170e-01 7.626936130372625744e-01
-4.951097346557320478e-02 -8.568057805743353739e-02 9.806627891493449045e-01
-1.709840299542856878e-01 -1.622470610748660280e-01 7.334019716906309272e-01
-2.654021431011609478e-01 -2.004025201468377648e-01 1.450533642077924401e-01
1.198655066810260525e-03 -8.964895485460529223e-02 9.117814330349178764e-01
-1.364674149115347457e-01 -6.006035128512748206e-02 9.653452942884452881e-01
-6.986649132318853983e-01 -1.662498671071780953e-01 -9.220625071916521698e-02
1.905381628252408033e-01 -1.390050116547249526e-01 2.981758166275789712e-01
5.186526397412116740e-01 4.898398234823010400e-01 2.257264617145784136e-01
1.171214989269146467e-01 2.795973555944744615e-01 9.004737642705500367e-01
6.611728232176924402e-01 -3.257913375780155940e-01 2.182431198275826822e-01
4.895193479503368028e-01 -7.535330602088516350e-02 7.669378717777959320e-01
-1.696764686893673379e-01 9.335343577716816166e-02 9.742486381713442167e-01
5.100859544312992266e-01 1.381389697813377448e-01 1.465319735905792620e-01
8.710171632472631098e-02 6.916792670633172858e-03 1.847916526232165971e-02
7.035215642341926534e-01 1.616987529619430541e-01 1.333618612191129205e-01
-4.077108496349444722e-01 -2.198651830785648686e-01 5.652833097964460318e-01
7.107874648401749651e-01 -4.047796795959730798e-02 6.116553958179746786e-01
1.804013452662201478e-01 3.998806710041428319e-02 8.954737699196325673e-01
2.738126419672213818e-01 -2.541793099974116177e-01 -7.877202174950045377e-01
5.851132918404256672e-02 -7.382820188263505834e-01 -2.012216158789488230e-01
1.965076153427476879e-01 1.836227462447986500e-02 -3.148549389114383423e-01
4.613534273682145526e-01 5.692900322712021177e-01 -3.425185086462722572e-01
5.738524926293562395e-02 -3.393138491686926161e-01 9.388627005139627002e-01
1.509209582702629171e-01 -3.934007047331442367e-03 9.417569239188458008e-01
1.557111865210151491e-01 -8.010291832810985391e-02 9.446628876292118004e-01
4.363077823119094756e-01 -1.041810839041332204e-01 3.877622111316144649e-01
-3.181074961190143435e-01 -8.179931709895753300e-02 7.697431764613145155e-01
-6.619340906271733438e-01 1.127992474121099625e-01 3.690061626406483941e-01
4.107084579883348852e-01 -6.263454890096128436e-01 -5.182748731543236342e-01
-1.619813696537069081e-01 -2.465047657984260204e-02 8.073321164412383677e-01
2.076237153737834351e-01 1.631874852217985936e-02 4.261781269048800502e-01
-4.445881435411041388e-02 7.309575517967488167e-01 2.796730743574471489e-01
-7.035268312145018799e-01 1.465479423034594664e-01 5.058258488920596221e-03
-2.101869989326850263e-01 -7.314070803814223809e-02 9.287266999260457290e-01
8.701315341640185330e-02 -4.555694251105165543e-02 6.035090851062997475e-01
-3.376206607518787428e-01 5.648554258121540883e-02 9.188899636899509060e-01
-4.926448273325907679e-02 -5.742796215453429554e-01 -6.035670563361210661e-01
-8.350682193360563221e-02 -7.215945469061774142e-02 1.924395769005235735e-01
-1.207280295409992876e-01 2.734034103992053488e-01 7.637198512774376891e-01
-4.746483201064922164e-01 -4.748954606967424885e-01 5.654220675064829393e-01
2.947832058156994450e-01 -3.190808019462453293e-01 6.349181492567682050e-02
-4.622207038313776994e-01 -4.574340414274528643e-01 -8.582936598289010732e-02
4.163960733437273576e-01 -6.063043827652880857e-01 5.692512764327465336e-01
2.419670791707846658e-02 3.195035379241656925e-01 -3.686316725231357783e-01
1.363754387495882681e-01 8.794194533230707822e-02 8.905629461423106852e-01
3.354540577857236805e-01 -7.013702135376205238e-01 3.511375427722969178e-01
-4.558305129304536241e-01 -1.073125362339185096e-01 -1.786110690924717637e-01
4.082939822495208759e-02 1.162458165171325331e-01 7.714945520158720260e-01
-4.068224230348730930e-01 -1.899438338300400431e-01 6.866654803968655907e-01
-2.604014596195257658e-01 2.660958067734334534e-02 9.160368978667576823e-01
-4.216394529243758793e-01 2.721915915955190890e-01 2.302585236190819173e-01
4.078841881677964798e-01 -1.632026676037721391e-01 7.132770332490047105e-01
2.461483867440238393e-01 1.699248642678295451e-01 -8.201162431440872647e-01
-6.072716336234848696e-03 -4.232482661786496347e-03 9.504621184572956683e-01
3.964721929840583220e-02 6.345933170457634942e-02 9.870167226141006722e-01
-2.190328602099844146e-01 5.016016445130704327e-01 -4.431074376964708739e-01
-3.932230954628141567e-02 -6.000307818711252822e-02 9.940463783590406388e-01
3.876930249246817173e-01 -5.091226556070018727e-01 3.862214728357502569e-01
-1.699724444013444094e-02 2.451661251608859837e-01 9.023506879136574677e-01
3.125594219324147605e-01 -6.112326612348328858e-01 2.378439185423814606e-01
-8.278291676845676017e-01 -2.416261385691306496e-01 -1.547896285409723349e-01
-6.569510303801278095e-01 5.682047485394760011e-01 -1.824149474670200277e-01
1.479387340375816658e-02 -7.586901639383353269e-02 7.792756649789243095e-01
-1.290013953357217191e-01 -2.416183748525002062e-01 9.222857046007784110e-01
4.715178938485061616e-02 -1.264704609727635709e-01 8.235134183474058789e-01
-1.313532008799440931e-02 9.205783632055586363e-02 9.306445858136652705e-01
-4.943564368088078642e-01 -1.204338084414693227e-01 1.429046234770114387e-01
-3.291359333101795404e-01 1.980740307959251711e-01 4.148676200873466779e-01
-1.350054181356465377e-01 3.465156350561285348e-01 7.732792966637404009e-01
4.262870191279393151e-01 2.446637686696249703e-01 -9.342121461736528631e-02
-4.616225682023473303e-02 4.472247409775840371e-02 2.442154772619570258e-02
-4.073397257696195761e-01 -3.047785489983371177e-01 4.241062564183442629e-01
-8.006114669604571382e-03 -2.809562832083920547e-01 5.252702950511355384e-01
-3.171767383022844593e-03 2.828245223540918341e-01 1.012841915295960432e-01
3.213049867532813408e-02 5.918313469091532886e-01 -5.073605381974742867e-01
-1.910182864423456695e-01 -1.263697956607527095e-01 8.266669775150586874e-01
-1.360937589160201022e-01 2.414936420884700174e-01 5.279265309843829135e-01
-4.740753852632876436e-02 7.412906891632661290e-03 7.833591733664490020e-01
8.915336521870564912e-01 3.404866522826061059e-01 -2.629715072368827844e-01
-5.067989479480214943e-01 -6.605672012563521545e-01 6.616466386592310955e-02
1.912818198563374372e-01 3.059456284923935815e-02 6.612198034282366077e-01
-1.661978215833208317e-01 1.453947980118655836e-01 6.800196075098797754e-01
-3.279501252000293493e-02 -7.711729541654098463e-02 9.097909912969162072e-01
-9.526866813697525138e-02 5.979714141146819095e-02 9.886017957420113467e-01
-8.517196806669764808e-02 -8.240994219234493157e-02 9.281601669408764410e-01
2.128582331688367787e-02 -1.369262128366845709e-02 -2.114261340497997424e-02
8.015973187370454278e-01 -1.946600081211083688e-01 -5.623357219224838638e-02
-2.442123084685192055e-02 1.604995298531344122e-02 9.826228765902728091e-01
1.130266440464116999e-02 5.734886028411099179e-01 -5.145349489838171309e-01
2.477884247401581155e-02 4.776973686045627998e-01 -5.046736039034634969e-01
3.630327569471465399e-01 -2.057111527571161003e-01 7.000321949165090318e-01
1.397385495021151169e-01 3.114824847612818748e-01 8.482410787756066162e-01
2.876756221183142826e-03 -1.738062970211124991e-01 -1.926502832097989337e-01
-7.739547738390191167e-01 -3.197960931921922101e-01 5.089502720042566875e-01
8.901539396465384391e-01 -2.682293548574991027e-01 2.084528458269258588e-01
-1.301840182117429690e-01 -3.039806408816698724e-01 7.775239642217716129e-01
1.373016969967806311e-01 -1.988468254422700102e-02 -1.121813678405899749e-03
7.939313268854410188e-02 3.223772261965346386e-02 9.572545484983583375e-01
5.755134932963093357e-03 -6.862792976497752995e-02 8.965957294125854737e-01
1.495488684101584087e-01 1.647057261756898761e-01 8.033858963350113402e-01
-4.241364033206666551e-01 3.781798902816058128e-01 -2.663732024220337169e-01
7.256779835620137398e-01 -1.992388158908861007e-01 -1.096145682247475356e-01
-2.213761201401609480e-01 -6.635012389981926884e-01 -3.288760540745667149e-01
-1.146966227375582070e-01 -4.998331497149606784e-01 -2.655774790903701055e-01
-2.086564603914585481e-01 1.960138876913481432e-01 7.323762731161793660e-01
6.881775682408252104e-01 1.243706831190403983e-01 1.852742485825646657e-02
3.756798575098341947e-02 2.642345046518125920e-02 9.828435747886414831e-01
-9.879387336780612316e-02 3.632420871382031069e-01 6.662358494695165279e-01
-1.735616006177173598e-01 8.514800546429927841e-02 9.770952796348046920e-01
-5.201742931728803136e-03 -2.259740440186676271e-03 9.893433391933884602e-01
-8.494183137711605602e-02 -8.501902974928919610e-02 6.535540579893508450e-01
4.520210826089770539e-01 2.087104015071851726e-01 1.730216798206710982e-01
1.497773524517802268e-01 9.138163960088895033e-02 -1.484536746589231772e-02
7.619446017813144012e-01 3.384845973710498557e-03 -5.688824456870957003e-02
8.139462966100009800e-02 1.708819916377465331e-01 5.473793446483757874e-01
-1.103728671999726213e-01 2.616943639768192290e-02 9.636270042095514965e-01
-2.647622535726115722e-01 -7.148858273444189115e-02 4.166489935738258432e-01
-3.827929851946330064e-01 6.085079141731591923e-01 -4.780580272883659387e-01
-3.301301464821885245e-01 1.615196001456883912e-01 5.941025616465698267e-01
-1.256523432438837740e-01 -8.973013027553275456e-02 -5.949803877345880565e-01
-3.416171818831947316e-01 -1.076935946665483895e-01 5.879336224814503131e-01
-4.143710795000749014e-01 1.794412901110585823e-01 8.040274981429025303e-01
-6.396096055267851133e-02 2.808432845947008913e-02 9.479960319657079193e-01
-2.727799876680267813e-02 -1.453421659931389553e-01 4.610118147964447632e-01
-4.098563667494286439e-02 2.441142419179557210e-01 1.666893508849567052e-01
2.700115176973622577e-01 -7.165186305465327532e-01 -6.206136639181680792e-01
-2.544960051550606561e-01 -7.185393643470464053e-02 -4.696607981796085407e-01
-2.785801721150973562e-02 -1.174738611538301072e-02 9.217348778997174197e-01
-1.520466784207887001e-01 6.022278578734909654e-02 8.501477911368698903e-01
-1.429704758024593625e-01 -1.113368842375107304e-01 8.284421462460156427e-01
-1.137918312608677818e-01 -5.898237905560951289e-01 2.979118108825834499e-01
-5.023439311999018664e-02 -1.484675817922513907e-01 8.043741519678789809e-01
-7.069374726538898979e-02 4.418363928329665374e-02 8.372849295163710126e-01
6.627965677279501477e-02 2.585978365128996370e-02 8.644672054949660289e-01
-2.390085114487923434e-01 -7.958212535706979396e-02 8.913263580977994760e-01
-1.781209440219984619e-01 -8.208723566352267575e-02 9.679414263935377516e-01
2.719881714188366120e-02 -1.744439061240398714e-01 9.719496450577551627e-01
-2.954768410830639347e-01 -7.674001758839363863e-01 5.681494288550960337e-02
-7.180711415383843610e-01 -4.057649749701216502e-01 1.999031466559265113e-01
-5.884164309815970856e-02 4.162834069396340042e-02 7.953536043073980988e-01
-2.693698528715607332e-01 2.860310100382940091e-01 -3.745963680779081928e-01
9.441487671685278027e-02 -3.732563881285973911e-02 7.814451707110628975e-01
4.123131688405290984e-01 -2.933420543565004035e-01 -3.327977260216369304e-01
-2.522737556396070224e-01 -3.702599268438864777e-01 1.387283164443155470e-01
-2.351294893162820254e-01 -3.055082864636166629e-01 6.868781729638735456e-01
7.001255360705682662e-01 3.691120213901046831e-01 7.129260947357451972e-02
6.307965663007317758e-01 2.394837738231838375e-01 -5.641161426379531774e-01
-7.996895979007530297e-02 6.172064403294218182e-02 8.980658466859403610e-01
-1.525561340029936985e-01 -5.087259785159552183e-02 7.097236835678457645e-01
1.281138192448491933e-02 -1.817729166218616695e-03 -7.522441815720035119e-02
2.753803638397732678e-01 1.639693958026104403e-01 7.720032167482088203e-01
4.467669924302173912e-01 1.624204705984459984e-01 -6.886540723492390326e-01
1.987202743515989467e-01 -1.280083390830326351e-02 9.712369421360808053e-01
2.286366750081737231e-01 -3.095830121774301724e-01 8.298936433882893315e-02
1.524438520231209959e-01 -5.202302538292518513e-02 -5.375566363095802824e-01
1.848380452446525719e-03 -8.386977509551779347e-04 7.292677831226680452e-01
1.526768133856166443e-01 -3.640990780029321749e-01 9.193681817075388674e-01
-2.338964213811074722e-01 2.214303039035804901e-02 8.909619054423855156e-01
-2.705922503542519952e-01 3.198040374363143035e-01 4.837682252009815609e-01
-1.689039431385410406e-01 1.331245602587055321e-01 9.447478364625627734e-01
5.813214001004557430e-01 -1.728632814935516238e-01 4.637886649798537986e-02
6.489146835134651514e-01 3.597104198945501041e-01 1.789748589943541413e-01
-4.724181927648711810e-01 -4.948724357657606765e-01 1.932555023345921275e-01
-5.163298860579070837e-01 -6.173166750270906444e-01 -4.872461046903717174e-01
3.667887968398148013e-02 -6.864405598552334453e-01 -2.046108019825110536e-01
-6.470692232575060432e-01 -5.267862347458598382e-01 6.490233541295852004e-02
4.315780350544048960e-01 1.024520801241322332e-01 -4.037260213485788785e-01
-6.246746938275219430e-01 5.349716547574864256e-01 1.329319970142496254e-01
1.272025516362030595e-01 9.533053862751793284e-02 5.433781856403862021e-01
9.603026960031764425e-02 4.637534732205935151e-01 7.809681460961086508e-01
7.136265174665930022e-01 -7.442186684845097933e-02 -5.405727802214913558e-01
-1.735781393870503564e-01 2.199838449300191012e-01 9.479449221029409012e-01
-1.805079038839248196e-01 -1.638808052547476302e-01 7.471289272197276787e-01
4.737768901335668442e-02 9.096802347616238238e-02 8.520519519685693099e-01
3.520444700500887647e-01 -1.579001265890367378e-01 8.491937961889046704e-01
-5.649893667692384991e-01 -5.800747763086370190e-01 5.336840133934793624e-03
2.479313863121656580e-01 1.693163165288072980e-01 -5.954466407309514514e-02
-1.598058227753775817e-01 6.007543421559637942e-01 3.842874731433280622e-01
4.683447333386461242e-01 7.066181832062533585e-01 -4.752634422536715642e-01
5.494093338998091297e-02 -1.742397833668092241e-02 9.628809717900649323e-01
-5.393259016344504886e-01 1.266615180640059679e-01 6.425552860811660771e-01
-8.408389021747669778e-01 -3.838833163634289281e-01 6.028478525515394704e-02
-1.292154193460561158e-02 -1.967201837861710934e-01 9.116110527459825308e-01
2.438618111592933679e-01 -8.528000962215954994e-02 9.446479051693588147e-01
-2.555697505396223659e-02 2.281672887965938701e-01 7.895325426800511304e-01
-2.210560159005925396e-02 -1.953457270926086536e-02 8.702176633531580885e-01
-5.213542430692744145e-02 -8.884609769536405688e-02 8.850534902315737584e-01
5.856376259729886846e-02 -1.294690851294358069e-01 8.260195044852174373e-01
7.087336994783123567e-02 -3.804133067227464249e-01 8.484768900183052853e-01
6.040210072548086728e-01 2.350471958099024650e-01 2.181347319567705223e-01
-2.071720525703458771e-01 -2.230147860635090518e-01 8.738634025120010085e-01
1.372938586537012506e-01 2.546353783662315129e-01 7.927510981881000229e-02
2.346854221106788596e-01 7.063930373841775801e-01 -1.989272223467977163e-01
1.213424674887790371e-02 2.031151471992878321e-01 4.819292063265907533e-01
-2.381278378399347695e-01 -8.958984832529487408e-02 5.304258044295457886e-01
4.242829499523144143e-01 -4.188589598304622019e-02 7.101044032620037472e-01
-1.397930992979431741e-01 1.094960700865074549e-01 3.318445605653995711e-01
1.113264023201663566e-01 1.113797654237959484e-01 9.045277684532386786e-01
7.705577481679071195e-02 7.208431860575611159e-03 9.895783126313344447e-01
2.316614631992306925e-02 5.870803416899411653e-02 8.978833544509927655e-01
-1.231502674719509166e-01 -2.688758812684786947e-02 -9.807289972378380183e-02
1.985959359435217342e-01 -6.182218974865330008e-01 -1.258328238477087468e-01
-2.639796926520923334e-02 -1.705470642394068814e-01 8.358080644688937744e-01
-3.268628944392859004e-01 2.218600725356676198e-02 7.032899553043667207e-02
-1.278776970570061067e-01 -7.629034690195550528e-02 8.620528818438157881e-01
1.668175664539376657e-01 4.003067059281377182e-01 -7.029425324457608260e-02
1.831815790864322058e-01 -5.639853093621565172e-01 3.458614252430909919e-01
8.756411295218792246e-01 3.890946310494100557e-01 -1.518722857748781574e-01
1.218567267440418822e-01 2.747011071779379976e-01 7.446940866185111085e-01
6.930219439288448635e-02 2.220858370301844256e-02 9.887729369592670459e-01
-3.914225423473105536e-02 1.143849877645188549e-02 9.701754617906509504e-01
-8.339710113270039360e-02 -4.359144057306670039e-02 9.796536806657551999e-01
2.246923065736523839e-01 4.578416457853364263e-01 8.107346513337517768e-01
2.142790654605333245e-01 3.866186948149512026e-01 7.624960900336258396e-01
7.054197175272615417e-02 8.810184812327631620e-02 8.906523281755956978e-01
3.197532406254144921e-01 -1.772148879211364603e-01 2.817338493503656061e-01
-2.044974009287776340e-01 2.262977528335483879e-01 5.574371290536884738e-01
6.699361151785733492e-02 -1.676461763365034441e-01 -5.864727756657724944e-01
8.765401803650201273e-01 8.053313265700400014e-02 -1.329377866910592954e-01
4.935442668406226918e-01 4.617559576452198722e-01 6.146573885323197706e-01
8.746747991789831367e-02 -1.266086718532999922e-01 -3.746673855546844289e-01
-1.084816867267580642e-01 7.154603535517178869e-02 8.102066077058596161e-01
9.475737171771513034e-02 1.938059990080439514e-03 8.525592959432083395e-01
5.215574494715543574e-01 5.210525450338641257e-02 2.095515612500235547e-01
-4.720472584935904159e-01 -7.790785150565020523e-01 -2.631377933891007603e-01
9.474401702527687416e-03 -6.394808623157473282e-02 -8.458835479057992546e-02
-9.343479807731475129e-02 -3.654293206477617351e-01 6.845115844998616028e-01
-4.566998536426673111e-02 4.156931451669228000e-05 8.841779299719512153e-01
-1.626756753180731707e-01 -1.620061922201611604e-01 -1.672373963440817735e-01
-2.358913713538818568e-01 3.294158268339411055e-01 8.375722294998196871e-01
7.533255504846295136e-02 -9.719732655379266506e-02 5.003220516465936019e-01
-7.379629419955838765e-01 -6.352891353464945601e-01 8.686210978966703300e-02
4.249483676305852997e-01 -2.592035054451041209e-01 6.168339477213713451e-01
5.482913108581500827e-01 6.104928722444048494e-01 2.765417573103965965e-01
2.611450031349816792e-01 4.552805501684788203e-02 6.787670649431010172e-01
-8.216790045916320950e-03 3.685724419444731670e-02 9.819818840067449095e-01
6.747063743564463145e-01 -2.568469216314924752e-01 1.680186523235409901e-01
-1.432476658290183502e-01 -4.361521293041548675e-01 8.382540462452678920e-01
-4.507473796930198950e-02 -4.793475206502418456e-02 9.869802501519605586e-01
2.950802341366314807e-01 -3.385659529709340032e-01 5.372909673714175716e-01
-4.573393660507810710e-01 -6.372570314357400845e-02 2.855176089717444965e-01
-3.434187345544097159e-02 1.570198590539712696e-02 8.840091004681672748e-01
-4.598412794736230214e-01 -4.219150430485332781e-01 -1.821147694911320336e-01
2.099703182877588406e-02 -9.160773696604630756e-02 9.637335620714853057e-01
4.373980498843267894e-01 -3.834905722434733821e-01 3.740989589871773768e-01
-4.541961620993839044e-01 4.002121664217559438e-01 3.797547435013710060e-01
1.371084102166714724e-01 -2.652741252874831202e-01 -4.350624702015363221e-01
-1.499450188950805438e-02 -6.743396704835739712e-03 2.584890587201316148e-01
-1.109822632556196984e-03 -9.160304523840155921e-01 1.269866389332665046e-01
-4.654613430648678607e-01 -6.547867915089947699e-01 -1.805801008720278322e-01
4.979139506638931290e-02 6.595432566645680061e-02 6.413470938270531274e-01
-3.082736233194765529e-01 -2.526361671488839833e-01 -8.360389611531113818e-01
2.104241630969432009e-01 -4.485809542357913626e-01 -2.886060212145528658e-01
-8.554131190947976415e-02 1.174016308423392052e-01 8.192527098208295389e-01
-2.917537425938981216e-02 -7.431260984105114709e-02 9.264825987396754226e-01
-1.491495210985356590e-02 -2.208476909181768810e-01 -2.884081440577185296e-01
3.472806629950141860e-02 -4.877611131562835101e-01 7.500530957689639511e-01
-2.314290283004239446e-01 -4.875007075640883786e-02 -6.629741442958634323e-01
-3.085405507209137976e-01 5.844607387346517635e-01 -1.429920393468603335e-01
-6.477448660652714019e-02 1.369017018649104113e-03 9.770998784382530777e-01
-1.828503761822049267e-01 5.093085066889765367e-01 7.416277998076623579e-01
1.572630875232346459e-01 1.417259269519792753e-01 8.768496153174654140e-01
5.125890677127512562e-01 -1.322629402749838090e-01 6.631907534650471892e-01
2.798472080923489896e-02 1.289604071517063688e-01 9.789866886285700787e-01
5.284471870568120400e-01 1.604121966948821587e-01 2.059462813401256864e-01
-6.125210789274766754e-02 -7.234010790384619652e-03 8.461045767224721625e-02
1.300162653968236492e-01 1.200940160362790748e-01 7.707030410116298969e-01
-2.156663220651971191e-01 -4.952952209408588713e-01 -5.405634672411614439e-01
-2.057502528827689914e-01 3.194785123051205322e-01 2.001566170772050013e-01
-5.177706825275110170e-01 -1.605749427388566686e-01 -7.379521753568829556e-02
2.264251204540118079e-01 -2.703614958464725312e-02 5.296651548971040846e-01
8.240272405923355636e-01 -1.005466545343885465e-01 -3.174453761664217111e-01
5.933111866608001828e-01 -5.016428895108466790e-01 -1.669146471858845293e-01
-4.531530214972355752e-01 -3.157516758467396323e-01 7.861775021097993088e-01
3.710432806448071830e-01 6.565732013768708908e-02 7.171088495064605883e-01
-3.639586955820646730e-01 5.641767753249488787e-02 1.345187285202249228e-01
-2.352461663982401696e-01 1.792270063177360817e-01 7.186767665530839899e-01
-2.801748013519758107e-01 -4.627730504492344465e-02 9.092670784566997400e-01
7.971900970025024014e-02 6.947423289694495963e-02 5.482465730008834193e-01
5.024517436546713789e-01 -2.258329420066318705e-01 3.942513515152277215e-01
4.468264345693725992e-02 -6.667669182003191364e-02 9.644165571888452249e-01
6.534972119828006028e-03 -1.140321878464412367e-02 9.382274412425396504e-01
-1.339752661291104263e-01 -1.113092499576356226e-02 8.797613062783585791e-01
-9.223102695291242326e-02 -6.218976689539629232e-01 -2.980850339820370065e-01
7.877481523133166297e-01 2.967319981733257395e-01 4.715605702230400986e-01
1.713824779861594094e-01 2.077582990604785740e-02 9.048021962575347743e-01
7.855472723562888226e-02 -1.887066711100473526e-01 8.350193505503004099e-01
5.112660260715846672e-01 -2.120012578310311868e-01 8.279130045499977220e-01
-3.725613020796138541e-01 3.725507957487757538e-01 2.160038124734841442e-02
2.231556964916470709e-01 5.097070660325888486e-02 9.404594201433623679e-01
-2.185515894807140980e-01 2.296190297678635944e-02 -4.020131921759516058e-01
-2.191546825694797307e-01 -7.011268210915606869e-02 5.447030254009547212e-01
-7.135126874284558607e-01 1.730255061179041542e-01 -5.390701429803298472e-01
-9.553460494178640794e-02 1.262139554229861904e-01 1.596337659598859593e-01
-4.057625658542273750e-01 2.496098350498299756e-01 -5.514133154438271012e-01
1.778541426164555461e-01 7.976916107745305462e-01 -1.646087913532529312e-01
-3.400888308276862615e-01 -3.009406120984815525e-01 5.713205993232350899e-01
-3.774305563491557880e-01 1.435309873517540691e-01 -1.212789011462490074e-01
2.859311596206258813e-02 2.468184829878199149e-01 9.517362460553135950e-01
-1.003158242874767347e-01 1.784378558035235596e-01 8.606293385662099338e-01
-2.037061929473226729e-01 -7.337538578360379427e-02 7.698625366643853107e-01
3.395248124310428217e-01 3.478565837747926021e-02 -9.348256317671842508e-01
3.595282280095952743e-01 -2.047368528397160437e-01 -3.247622238207951983e-02
4.798007152612768916e-02 -1.427337597088723375e-01 9.807189525394931495e-01
-5.043461718073962569e-02 7.096819910658819230e-02 2.062986359693381733e-01
4.406761481481763498e-01 -6.920331288033466643e-01 3.291694468290046749e-01
6.720334065260280543e-02 6.406391683918816193e-01 -2.962581001152221893e-01
-1.320129114833410167e-01 -2.130742112673309624e-02 8.670907879623744874e-01
-6.659627094406679604e-02 2.714573752390692096e-01 6.358177782875866768e-01
-2.088535904796879061e-01 3.703593770675283475e-02 8.975713481569775887e-01
4.978106485318154611e-02 -1.349288800880669992e-01 8.496856810190238640e-01
7.363051965261993570e-02 1.666736366429025229e-01 7.992304098435407678e-01
-6.714769076496239497e-02 9.261998882298245334e-03 9.811622010103610014e-01
-1.380573010437712023e-02 -2.596943826728868171e-02 9.803762599036918157e-01
6.095366207074037757e-01 -1.036964671952122219e-01 -6.798821011852895779e-01
-7.252457284071564536e-02 -6.307776644062955407e-02 9.782780862977491498e-01
3.109514418378464540e-01 4.937872129693716972e-02 9.420956681151012591e-01
-2.424596603621242685e-01 7.634517551500184795e-02 3.522054414301051262e-01
2.444203919201927699e-01 -5.460708644450001925e-01 2.714170011420111717e-01
3.485372469097249709e-02 -4.651562785355408541e-02 9.263919726944468414e-01
3.408956218122441983e-01 7.731100402782400960e-02 5.255418056344907107e-01
-1.033503150711906904e-01 5.308540913549858464e-02 3.143041695348331999e-01
1.970726384451447766e-01 -6.906893581269595295e-01 6.550854410624087354e-01
4.305114454685152192e-02 -6.785277618895348140e-02 9.191338847797150269e-01
-1.903812447720047429e-01 -1.569826915652511312e-01 -6.718459816391161299e-01
2.836993225948523933e-02 9.596641104328197391e-01 5.852028298448587462e-02
-3.043537084495319678e-01 2.425309811797663750e-01 7.971702760071102123e-01
-7.484981789019845566e-02 1.135880748551999636e-01 8.272162845393771224e-01
3.996551457870584773e-02 -1.369788637574854452e-02 9.567146547280345192e-01
-8.854979055638259045e-01 2.173157093706193366e-01 -1.097140429723762606e-01
6.105004862522444009e-01 3.340761506179711349e-01 4.552299539098468295e-01
-5.291485377962558134e-01 1.745940219095108992e-01 8.111902451934358549e-01
-1.255135719513110759e-01 1.701799620771281274e-01 3.864559206891576837e-01
2.138233034972993052e-01 3.827938562753045448e-01 4.958420187086667874e-01
5.549746072685399212e-02 4.738516260609031833e-02 -8.906933001392285387e-01
1.361488665404378962e-01 -2.696264673337061546e-01 -2.573504988427985363e-01
-7.861719376378667468e-01 -1.680828338026230107e-01 4.556202113557598632e-01
4.031057798332299963e-02 -1.801015339384826608e-01 3.868955189035019337e-01
-1.759789904873214073e-01 -1.475723486586334732e-02 6.422444080560795188e-01
1.143968005781526021e-01 -1.255542167266102682e-01 1.953861858646385452e-01
-8.608731875826956814e-02 3.765023503007376704e-02 8.252027183607976157e-01
-6.361049413731350022e-01 -3.330873979188654910e-01 -6.433451856173344474e-02
1.300478303728158369e-01 9.188571459364174021e-02 9.563663385548181184e-01
1.248647025944836925e-01 4.918440177926887147e-01 7.838187078364203808e-01
3.279259855270365287e-02 -2.208891215453516726e-03 8.365942731518335451e-01
5.648619429430955519e-01 -2.702619659992603895e-01 -7.318337971675328291e-01
8.453257577473206885e-02 5.532218232107848355e-01 7.547395028991860100e-01
3.763915970503041702e-04 -2.250266010851892720e-02 7.800939808437998835e-01
-1.159476399485906278e-01 1.072574285253679802e-02 7.718383130121725388e-01
-3.735667498070750492e-01 -5.790248232667326300e-02 8.063582322668350066e-01
-3.079351155589255540e-01 -4.889459427730119632e-04 8.053126399608628860e-01
-1.657065952941097209e-01 -4.928195792179550228e-02 5.889699750126947686e-01
-2.347540978742615747e-01 -1.657940247356091135e-01 5.897460365004872918e-01
6.678904592687706643e-01 -9.763700759327567646e-02 1.882522066687864204e-01
-6.123161523010894197e-02 -2.637041577237866363e-01 9.389213604672381752e-01
-1.524927588756334884e-01 5.512569602726827799e-03 9.634187110801103460e-01
-3.094085961288912251e-02 9.033599529151751240e-01 3.628348369459264422e-01
7.575355590659399452e-02 -1.628748293894555915e-02 9.805782086970202815e-01
-9.655903662125496500e-02 -8.777365472866627272e-02 7.981333925496318926e-01
1.228343965804872678e-01 9.306158761197655394e-03 5.553008378877333229e-01
3.783430303837123088e-01 2.326520299350727516e-01 4.141193203861823768e-01
3.431233136571414932e-01 2.623660349164482208e-01 8.177629425536694363e-01
-9.399348486513975365e-02 -7.471121942325588405e-02 9.878285161689136507e-01
1.316322724502322628e-01 2.346810386320814512e-01 -9.448495421703777264e-02
2.451234955587311692e-01 -3.233124210324777037e-01 -1.923805195009010982e-01
5.530416405324296569e-01 6.250348937965089467e-03 5.034501716213141131e-01
-4.518739347477498253e-02 -1.346561501299848584e-01 2.199780663761151944e-01
1.302276591616665369e-01 9.076683181868822406e-03 9.882066588540592278e-01
-2.901099637520455909e-02 1.696328694017552319e-01 3.340602060255863925e-01
-2.560501255898095865e-03 -4.078096205166632515e-01 -6.278966865808893738e-01
-2.764170160302276691e-01 -1.714524371756825094e-01 4.031590542432347268e-01
-3.265608872044455935e-01 1.939458666743683612e-01 8.635569004102432444e-01
-1.167194873042912556e-01 -5.336665974796125228e-02 6.499870194471121243e-01
6.846597723236133581e-02 -5.953933273554011529e-02 9.466785691593436747e-01
2.263866365588322882e-01 -1.903569832558310304e-01 5.229951152873126841e-01
5.877121755880664322e-01 -4.738312022996818418e-02 6.147731510669520727e-01
4.946681828949284210e-02 2.146467058892849722e-01 6.328884712704139215e-01
3.059572297358812976e-01 -1.285161487188995755e-01 1.011236443081229563e-01
4.153332595688990353e-02 1.567657230044408254e-02 8.041658501815950322e-01
-1.499955790515688780e-01 -1.475611373289643924e-01 9.086063249307847478e-01
-3.991792681071339999e-01 -4.155016883043550213e-01 5.701055659050812130e-01
-1.560916722275023927e-01 1.364167529389685163e-01 8.905328628842777983e-01
-1.863109257409226449e-01 -7.277772060200549120e-01 2.239244116509815641e-01
-2.380704798883842011e-01 -7.584179969807980370e-02 9.228155287180052069e-01
-3.360616816943726159e-02 -1.410808670000722187e-01 7.087987756245989202e-01
2.937298808268457573e-01 -1.370124764818449192e-01 8.941233490288217345e-01
-2.526328012431490744e-01 1.467828989176992241e-02 6.618970463692314121e-01
-7.525533798992009756e-03 -3.380702384335145250e-01 7.464594136071149577e-02
-4.535103577101743388e-01 -4.449993574062094948e-01 2.312924735563003098e-01
-1.272618033875671378e-02 -6.777952357125082150e-01 1.586032721468214890e-01
-3.389219092410016843e-01 7.610403655257136704e-03 1.734200787057435245e-01
1.862207262590204193e-02 -6.194756501708815338e-02 3.184860664388205476e-01
3.199860627480238806e-02 -1.811044200353555123e-01 -1.316260350596481776e-01
-1.235380526387644534e-01 1.382746391998300184e-01 9.447640007214690439e-01
-5.473393727654192187e-01 -3.295052452502958418e-01 2.721789400798333425e-01
-7.163106618521987157e-01 -4.588022014433077445e-01 4.547257567069155626e-01
-5.902549317775965809e-01 -1.397796380176019593e-01 1.714820833752787599e-01
5.098821728801340020e-02 -4.504285849046533834e-03 8.658799700953755396e-01
-7.801415966894422079e-03 3.849940189042599936e-02 9.121144923281443440e-01
-4.000876599089001617e-01 4.208791304069781081e-01 9.129953547812742765e-02
-2.006694620945197877e-02 -2.073497291274521009e-02 7.440287764513651148e-01
2.511483575894737363e-01 6.200649002129711151e-01 -7.115213706842157815e-02
-6.701931742819080551e-01 -3.462200852332147361e-01 1.402653327816348328e-01
-1.163435521399083517e-01 -1.808156199950894383e-01 9.522303858095906293e-01
6.332576575160918375e-02 6.910044718499459837e-02 9.531825964844528043e-01
-1.489596378879204097e-01 1.004495809454376484e-02 7.837232261697689717e-01
-4.066053498540432853e-01 7.669932763013388721e-02 7.114708100677327174e-01
-3.921061783560999547e-01 4.342684865575039549e-02 -4.953521068479381784e-01
-1.451627639228976197e-01 -1.391201872123020156e-01 4.995982692305661610e-01
1.414991718345450233e-01 7.691037659246937608e-01 1.532063742006697232e-02
-8.114607015024656589e-02 -8.717762446182806407e-03 9.476199605140064319e-01
1.873061497607801662e-01 -1.090974495768796543e-01 5.543443380469255111e-01
-1.224200052353308227e-01 4.835307546687525604e-02 8.495763744294462239e-01
-3.735559800684388199e-01 -1.165152414654665840e-02 7.807328786147853528e-01
1.331553503789488779e-01 -2.367265686691982438e-02 7.843248267800434492e-01
9.783763223893243710e-02 -5.978079479120150530e-02 8.287224165786153396e-01
-8.427008175804955037e-02 -4.922526275653762995e-02 2.914142341656604691e-03
-1.357349649388693291e-01 1.024745429716423795e-01 5.821803908803180327e-01
-7.521413499650587975e-02 6.433359036752028803e-02 6.631805147378242449e-01
6.052191981355651285e-01 2.477327635637678604e-01 6.236990826865257409e-01
3.629734878330960757e-01 -4.970147353161852855e-01 -5.344779086831120685e-01
-2.702259082761337972e-01 -1.460041584678317128e-01 7.377241380349315314e-01
4.569097806369523118e-01 2.326905412358751812e-01 3.321224789550868417e-01
-2.166811104747921879e-01 -1.015606205121555002e-03 9.404241494596121687e-01
2.037975224211383551e-01 2.083749164635960993e-01 -4.875471477130732256e-01
-4.103453240986755790e-01 -2.057214460789725252e-01 -3.806821265259007769e-01
-7.569629405943321954e-02 4.549356847355277150e-02 -3.858882515293132753e-01
-8.372162947669137267e-02 -1.985834269850642042e-01 8.322126817084393169e-01
6.271494101856396608e-02 -5.519948109256854474e-02 9.119172547259950523e-01
-8.816595457063192143e-02 -4.862528486721177934e-02 9.669181350188135182e-01
2.361711974754198695e-01 4.010833912625612618e-01 2.125198521086450187e-01
-5.242978668025880667e-02 -7.409321646130193062e-02 3.216617474633550744e-01
-2.194264092742184702e-02 -6.790296995598568697e-02 1.097349557450979646e-01
-3.030288113395653016e-02 2.167330182371696168e-01 6.460692914769960993e-01
-2.300243948523557624e-01 -3.632824199399096315e-02 7.935354214901291225e-01
3.727641651789734833e-01 -4.406529115984491041e-01 2.693961680251393820e-01
-4.982139186685241028e-01 7.199431956641612063e-01 -2.973099872541824090e-02
3.196752091804687390e-02 -8.311018851664685181e-02 9.923639430205691836e-01
-2.258951346258551152e-01 5.558191995563090820e-02 8.733963117560809009e-01
6.256382734311732863e-01 1.735159423154866987e-01 1.642894638708415900e-01
5.881057753649442388e-01 -7.650218456897269446e-03 -1.409992353322926661e-01
-2.392098910446983917e-01 -1.248619674403062818e-01 9.291850091689440871e-01
3.045588914103625755e-01 -9.790360729365631121e-02 8.398828336682012674e-01
4.554332202740784402e-02 -5.635993436172533899e-01 -2.801350512699637418e-01
-2.206417360570588071e-01 6.027660461094128674e-01 6.750253084655404301e-01
-4.908490620672849580e-01 -1.614707484663082393e-01 5.774325806327730293e-01
8.541760089443992676e-01 3.345114358898266249e-01 2.531298211518023256e-01
6.274459722173711951e-01 -4.206173323268549424e-01 -1.958776062636282886e-02
-2.280806903368077232e-01 1.331794558939847495e-01 7.432212388192342978e-01
-6.466885100928325691e-01 6.292044227845106086e-02 -7.015475555884931325e-02
-2.156675886998609959e-01 9.337860126786926007e-02 7.531211173507087464e-01
2.952788550922427757e-01 1.324969607626840795e-01 6.175829815711454396e-01
-1.729760580314497129e-02 1.851768411145232607e-01 -4.632530390400130260e-01
-2.293790910020236384e-01 1.537499084199367705e-01 4.095102779804998261e-01
7.605093109560910614e-02 1.528555894806677695e-01 4.072230953005893661e-01
1.653805738647783075e-01 -3.309250911127771255e-01 -1.183521282321586404e-01
-4.897579700772631273e-01 6.015470545947147057e-02 5.271448525774289351e-01
-4.325482014970890021e-01 1.396072584061935906e-01 7.323677116550302291e-01
1.000512565952471067e-01 -1.794462648178980213e-01 6.267476348102156702e-01
1.041166000880795195e-01 -1.317465417506008263e-01 9.467498193300333265e-01
-4.299907261309431350e-01 7.539940277580622352e-01 -2.397890358931650534e-01
-5.597560852840148538e-02 -5.805405198284802060e-01 -5.350666772098509189e-02
-1.704254927123251551e-01 2.827696591255272618e-01 6.267180304097059729e-01
4.546119758910724395e-01 -8.727440230355874504e-03 9.197212283670337662e-02
-5.268639358526446825e-01 -4.277287967305103411e-01 -1.988580752065816082e-01
-1.447011600069739723e-01 -4.801689626429348490e-01 -3.330507982011766677e-01
3.702590545845160785e-01 6.285968900680267701e-01 -3.368434934140099868e-01
-9.167357183356310280e-02 1.469296839773604757e-01 4.392818010617943192e-01
-1.515125930617309546e-01 -2.041811159595926517e-01 3.824877005503571903e-01
3.954958844827051179e-01 -7.908485318187926660e-01 -1.037099892718316811e-02
-5.752202698740436215e-01 -3.533906257120766892e-01 3.842631231537572967e-02
-6.306774354222463019e-01 -4.368563862147900045e-01 -2.412104003075373274e-02
-5.920031827875275043e-01 -2.641306059528708561e-01 2.389848430997182083e-01
-8.582717186305814649e-02 -5.713196849510376180e-02 8.810273450534797934e-01
2.079990216492488830e-01 3.061428096570155410e-02 9.446622095761818549e-01
-5.616506690162221399e-02 -1.936656338535313118e-02 9.322029624853729324e-01
-2.434301962680060494e-01 -3.391947135186346718e-01 7.634979814225324457e-01
-1.952805682770118456e-01 7.474939915429450188e-02 7.875782751871724940e-01
1.421264476696845191e-01 -3.955832634340170628e-01 5.729398479734616467e-01
5.452579190563681955e-02 -4.437088313777551862e-01 5.265376971073494339e-01
-8.194512926594019753e-01 3.247800616437266918e-01 -2.354082978329667675e-01
6.245246967449901571e-02 -1.151158839947063889e-01 2.035629598822454381e-02
-4.745587984316755326e-01 -5.718430918127327678e-02 8.693883569844679249e-01
2.198182612226806665e-01 2.247108101190201102e-01 5.077450409754573624e-01
6.316727774159736075e-02 -9.859205040104299014e-04 8.475500901664539954e-01
-7.262088033430467993e-02 -3.259548962849924403e-02 9.693241596562297557e-01
-2.305007627399432157e-01 -3.074915837017735409e-01 8.439560939998603795e-01
4.752459131570610507e-02 -2.766579778467246134e-02 9.903359091922331325e-01
-1.580816102437934134e-01 -1.392494113587906812e-01 8.110817177119267196e-01
-5.269682947979942994e-02 1.801106562600669203e-01 8.135070850982190072e-01
4.467266340158844162e-01 2.200583748662921987e-02 4.867853607298828766e-01
7.600916484030623144e-01 2.383239387875345228e-01 -2.322338692234966195e-01
7.712746465886413105e-01 -1.006877961075837158e-01 -1.469218455283761993e-01
-6.591054805361805657e-01 5.571014254407791189e-01 -4.290119919510312907e-01
-1.341259479043892533e-01 -1.210749061543463928e-01 7.369427016424696664e-01
4.020873073297663858e-01 -7.347048706096731552e-01 2.445422141938195792e-01
-5.146832633812185864e-02 8.677367794152322789e-02 8.758262513331613874e-01
-1.656573558799681600e-01 -1.130944220522957754e-02 5.995383790318038475e-01
1.252221276337046052e-01 1.471444387080945715e-01 8.562907118422877772e-01
1.957573407348888947e-02 -7.934158722952719400e-02 9.595273231885073084e-01
-7.929510624542709385e-01 1.981749450712848026e-01 1.900542490790663730e-01
1.160470121207204247e-03 2.567197456132105926e-01 9.532053229286130414e-01
1.283202158964459605e-01 -3.728524881553070547e-02 8.196030057384728895e-01
6.739673872274405397e-01 1.298936853128588968e-02 -7.236291710659707999e-01
2.369220343876536974e-02 2.632088085788666931e-02 7.984582695681279318e-01
-3.708173247791108351e-01 -4.351847443561020490e-01 6.064179675594350005e-01
-7.907394134020935272e-01 -7.234535729111278568e-02 -3.437210167683308892e-01
-5.530279173101881190e-02 -3.914581628532522173e-02 9.402069536277092299e-01
2.742049861091573337e-01 1.284442905515909283e-01 7.217504028090016011e-01
1.134096185984165839e-01 -1.892540957312915939e-01 9.333355647723140525e-01
-1.226015327635661123e-01 5.280050135435579439e-02 8.802830767443159399e-01
2.845558973216968934e-01 -3.661510653973101825e-01 7.387676738474421301e-01
-1.485136764876267279e-01 2.946534022958571808e-01 7.533408497760224476e-01
-7.382371454351058793e-01 -2.755836202887608222e-01 2.652983178225953309e-01
-2.288313124579739455e-01 2.054111674184173897e-02 -8.420146180022021198e-01
2.347236075062242300e-01 -1.033426550379528130e-01 -6.323683521252828621e-01
4.238713175491410912e-01 -1.745434800809816112e-01 4.669280754632088026e-01
-1.326086302679758133e-01 2.490803313878721947e-01 9.425807297755254277e-01
5.843226265221873605e-02 5.820834465452446455e-02 9.908320349757914203e-01
7.461285224923197568e-01 -1.936131643753283629e-02 2.406229206474821414e-01
1.538721010113256737e-01 2.138813460842251268e-01 9.158907134481377721e-01
2.914918405874963869e-01 3.317154785621590496e-01 4.323445897378518921e-01
-1.632785989283199179e-01 -1.944362713896435283e-03 7.916345207101809223e-01
2.097212289116223705e-01 -8.325532957063853656e-01 -7.782326570435045554e-02
-4.709669990342695844e-01 -4.724508007771733853e-01 5.165242961538076827e-01
-7.864048021150985002e-02 4.348314099938914434e-02 8.597397275241397407e-01
4.623582995585065122e-03 1.155370579226582851e-02 9.425476570161965828e-01
-5.584164396537499853e-01 -1.840118587928857574e-01 3.815808623961544632e-01
2.533396219777980796e-02 -9.987450259349635318e-02 9.644356850123155800e-01
-3.834044603314165633e-02 -2.914170628014739819e-02 -4.805219094453972994e-01
-5.367807375664420538e-02 -3.223898850076202804e-01 9.011414442454884766e-01
5.276114615249114827e-03 -1.964041994320162854e-01 8.682078715096165356e-01
3.442571907586124969e-01 -1.825941443610801240e-01 9.157075315728889775e-01
-6.091541896818595259e-01 -4.808803329185615261e-01 -5.867973008918287992e-01
4.354486239417246218e-01 -3.133055683328483249e-02 1.966817228093366565e-01
-5.848480243797424816e-01 -1.455545369955123514e-01 1.452190045990598907e-02
3.437826944022236986e-01 1.180572004276351367e-01 -2.617337206162858032e-01
-3.393202765370449681e-02 -1.977481092558412423e-01 -5.842247544403102871e-02
5.967096257399592263e-01 -5.571505785821784240e-01 3.603984650467403350e-01
5.815210094045323297e-01 -3.939820913391632873e-01 4.085983648160103621e-01
-4.611838690583106026e-01 -2.305898899254945900e-01 -3.680964098636110293e-01
-3.685029865736447890e-02 -4.935267505112201358e-01 7.362718380088081327e-01
-5.755424537747838576e-01 -5.204814740593659284e-02 2.020392343972818028e-01
-2.374010620931054916e-01 4.245338318617899453e-01 2.073601367928381567e-01
8.244023365958709493e-02 -2.619154998753539521e-01 9.415753741079074812e-01
1.839804472338573971e-01 3.660563275956628393e-02 9.087811161829703055e-01
2.867038440961292359e-02 8.402645396131087907e-02 9.863588797837811173e-01
-2.378342038695082372e-01 -5.277639011085869664e-02 8.967695981091701185e-01
-4.577146412070683817e-03 3.913194938799986478e-01 8.909781468785537006e-01
2.077517377644676477e-01 -1.408288416968291323e-01 9.782046966862484316e-02
1.174149326019936247e-02 -5.279982262559473893e-02 -8.344442161668889912e-02
-1.927583748741506509e-01 -6.102078757575545020e-02 8.248987287471916119e-01
8.271308458559843979e-01 -7.233688282531752778e-02 8.889122930008340473e-02
-1.068717435125418891e-01 1.444254424824496785e-01 1.108198998842925900e-02
1.560250677417208964e-01 -7.297868106370916652e-02 9.158870508130000365e-01
-1.991485223161744145e-01 -1.313270938442952229e-02 6.076737204763083683e-02
-1.304647508975970704e-01 3.730787728400886683e-01 -2.347613597803827612e-01
-3.633250192357794783e-01 3.912043927543910615e-01 -2.940614630089702919e-01
-3.007733432675366997e-02 -6.208529152967921794e-02 1.853849709173687743e-01
6.211849343409372309e-02 -5.557607280884928613e-01 4.445019766073554993e-03
2.649032052949997773e-01 -4.274401980462396167e-01 3.529552139315313419e-01
-2.109872119651333700e-01 -6.899652321054085269e-02 -2.533746736731786187e-01
-7.418778396995560076e-01 -1.994632344841900662e-01 3.714536357850333204e-01
-2.341167432276232974e-01 -5.690219664633709012e-03 -3.381097519102989057e-01
3.573815392889267278e-02 7.245386103892995089e-02 9.236996611630361453e-01
8.965700337904097816e-02 -5.513617089329964083e-02 4.967090705545471052e-01
3.821112185998582489e-01 1.266334677968031786e-01 3.978491178979556842e-01
4.707084459259489734e-02 8.347166079639331202e-03 9.182150952923305853e-01
2.191378611924982012e-01 1.749246573153211137e-01 5.522155820381255964e-01
-4.289999496064530460e-01 3.266309134727237717e-01 6.684884020149306494e-01
2.817150529719381624e-01 -1.746734878221205822e-01 9.327495266492202841e-01
1.347471443299946003e-01 -6.642795443628589647e-01 6.353591272988899918e-01
-2.829852273363247291e-03 4.868684065470231526e-02 6.800976130083236093e-01
5.358188567130206525e-01 -7.829954582093068272e-02 4.125232542381061518e-01
-1.104139977941702155e-01 1.062631245963151644e-01 9.015600729002879454e-01
-1.376576224646723912e-01 8.332814962022240535e-02 7.338870695934727184e-01
7.489897647297814876e-02 -4.824428961203698907e-01 -8.948082267794373046e-02
-7.713664888548275866e-02 1.768424396668368259e-01 9.233005881050324604e-01
2.194216700621829108e-01 8.160139637749291852e-02 6.097394556919213393e-01
2.540966366130137932e-01 2.420290588013366273e-01 7.829465074139668745e-01
-1.508363230559290891e-01 2.010971331706643689e-02 -1.751322223540144329e-01
1.839505354289191694e-02 -3.069422499663136336e-02 9.310627036743822638e-01
-1.071132617335611159e-01 5.288534600004474173e-02 9.449925058354678997e-01
-3.524932378232266128e-01 1.874081365518147704e-02 5.295133153083145805e-01
4.063272209420791814e-01 1.604981409376431134e-01 -2.728194781882204573e-02
6.096696507593175191e-02 -1.644440342628025395e-02 9.363376262563535279e-01
-1.293824872317720087e-01 3.356465642583628117e-01 -6.801296569044021911e-01
2.292230294076550434e-01 7.710297837049537306e-02 8.983893197467495151e-01
2.025853185925333144e-01 -4.141669975911919654e-01 5.741650576058895256e-02
-4.377799960464065498e-01 1.548759772513928767e-01 1.514044869730575560e-01
-3.340476735531999058e-02 -5.106091235282793628e-01 5.264871871409059212e-01
7.980355904249877841e-02 2.982865688506879387e-01 2.626225734117907384e-01
-2.074698307009074649e-01 -9.038821236383225155e-02 7.950271261495795994e-01
2.224888746136310380e-01 -4.601370421727687399e-01 2.353375267473910293e-01
-3.449029127133936695e-02 -4.926738316010507296e-02 6.223030154984031670e-01
1.222718797809752567e-01 1.377718664039915553e-01 7.043854606645316707e-01
6.807957529083875914e-02 2.596230254029682216e-01 -1.148550153331854146e-01
6.197184480616829694e-01 5.933492209885431468e-01 -5.100719885212288141e-01
7.888279356762967209e-02 3.061097849285129291e-01 6.160977966616466572e-01
7.720169461408669942e-02 2.037392312596086053e-01 7.991310228503814006e-01
